NOH2O                                                                   
1 1. 1 1
  220   55  109  213  221
      0. 13088.48 11262.21  3667.80   1327.6     84.6 11262.21  3667.80  1.00000
  22620. 13088.37 11262.12  3667.74   1327.6     84.6 11262.12  3667.74  1.00000
  45240. 13088.03 11261.88  3667.57   1327.6     84.6 11261.88  3667.57  1.00000
  67861. 13087.47 11261.48  3667.29   1327.6     84.6 11261.48  3667.29  1.00000
  90481. 13086.70 11260.92  3666.90   1327.6     84.6 11260.92  3666.90  1.00000
 113101. 13085.69 11260.20  3666.40   1327.6     84.6 11260.20  3666.40  1.00000
 135721. 13084.47 11259.32  3665.78   1327.6     84.6 11259.32  3665.78  1.00000
 158341. 13083.02 11258.27  3665.05   1327.6     84.6 11258.27  3665.05  1.00000
 180962. 13081.35 11257.07  3664.21   1327.6     84.6 11257.07  3664.21  1.00000
 203582. 13079.45 11255.71  3663.26   1327.6     84.6 11255.71  3663.26  1.00000
 226202. 13077.34 11254.18  3662.19   1327.6     84.6 11254.18  3662.19  1.00000
 248822. 13075.00 11252.50  3661.02   1327.6     84.6 11252.50  3661.02  1.00000
 271442. 13072.43 11250.65  3659.73   1327.6     84.6 11250.65  3659.73  1.00000
 294063. 13069.65 11248.65  3658.32   1327.6     84.6 11248.65  3658.32  1.00000
 316683. 13066.64 11246.48  3656.81   1327.6     84.6 11246.48  3656.81  1.00000
 339303. 13063.41 11244.15  3655.18   1327.6     84.6 11244.15  3655.18  1.00000
 361923. 13059.96 11241.67  3653.45   1327.6     84.6 11241.67  3653.45  1.00000
 384543. 13056.28 11239.02  3651.60   1327.6     84.6 11239.02  3651.60  1.00000
 407164. 13052.38 11236.21  3649.63   1327.6     84.6 11236.21  3649.63  1.00000
 429784. 13048.26 11233.24  3647.56   1327.6     84.6 11233.24  3647.56  1.00000
 452404. 13043.91 11230.12  3645.37   1327.6     84.6 11230.12  3645.37  1.00000
 475024. 13039.34 11226.83  3643.07   1327.6     84.6 11226.83  3643.07  1.00000
 497644. 13034.55 11223.38  3640.66   1327.6     84.6 11223.38  3640.66  1.00000
 520265. 13029.54 11219.77  3638.14   1327.6     84.6 11219.77  3638.14  1.00000
 542885. 13024.30 11216.00  3635.51   1327.6     84.6 11216.00  3635.51  1.00000
 565505. 13018.84 11212.06  3632.76   1327.6     84.6 11212.06  3632.76  1.00000
 588125. 13013.16 11207.97  3629.90   1327.6     84.6 11207.97  3629.90  1.00000
 610745. 13007.26 11203.72  3626.93   1327.6     84.6 11203.72  3626.93  1.00000
 633366. 13001.13 11199.31  3623.84   1327.6     84.6 11199.31  3623.84  1.00000
 655986. 12994.78 11194.74  3620.65   1327.6     84.6 11194.74  3620.65  1.00000
 678606. 12988.21 11190.00  3617.34   1327.6     84.6 11190.00  3617.34  1.00000
 701226. 12981.41 11185.11  3613.92   1327.6     84.6 11185.11  3613.92  1.00000
 723846. 12974.39 11180.05  3610.39   1327.6     84.6 11180.05  3610.39  1.00000
 746467. 12967.15 11174.84  3606.74   1327.6     84.6 11174.84  3606.74  1.00000
 769087. 12959.68 11169.46  3602.99   1327.6     84.6 11169.46  3602.99  1.00000
 791707. 12952.00 11163.93  3599.12   1327.6     84.6 11163.93  3599.12  1.00000
 814327. 12944.09 11158.23  3595.14   1327.6     84.6 11158.23  3595.14  1.00000
 836947. 12935.95 11152.38  3591.05   1327.6     84.6 11152.38  3591.05  1.00000
 859568. 12927.60 11146.36  3586.84   1327.6     84.6 11146.36  3586.84  1.00000
 882188. 12919.02 11140.18  3582.52   1327.6     84.6 11140.18  3582.52  1.00000
 904808. 12910.22 11133.85  3578.09   1327.6     84.6 11133.85  3578.09  1.00000
 927428. 12901.19 11127.35  3573.55   1327.6     84.6 11127.35  3573.55  1.00000
 950048. 12891.94 11120.69  3568.90   1327.6     84.6 11120.69  3568.90  1.00000
 972668. 12882.47 11113.87  3564.13   1327.6     84.6 11113.87  3564.13  1.00000
 995289. 12872.78 11106.89  3559.26   1327.6     84.6 11106.89  3559.26  1.00000
1017909. 12862.87 11099.75  3554.27   1327.6     84.6 11099.75  3554.27  1.00000
1040529. 12852.73 11092.45  3549.17   1327.6     84.6 11092.45  3549.17  1.00000
1063149. 12842.37 11084.99  3543.95   1327.6     84.6 11084.99  3543.95  1.00000
1085770. 12831.78 11077.37  3538.63   1327.6     84.6 11077.37  3538.63  1.00000
1108390. 12820.97 11069.59  3533.19   1327.6     84.6 11069.59  3533.19  1.00000
1131010. 12809.94 11061.64  3527.64   1327.6     84.6 11061.64  3527.64  1.00000
1153630. 12798.69 11053.54  3521.97   1327.6     84.6 11053.54  3521.97  1.00000
1176250. 12787.22 11045.28  3516.20   1327.6     84.6 11045.28  3516.20  1.00000
1198870. 12775.52 11036.85  3510.31   1327.6     84.6 11036.85  3510.31  1.00000
1221491. 12763.60 11028.27  3504.31   1327.6     84.6 11028.27  3504.31  1.00000
1221491. 12166.35 10355.69     0.00  57822.5      0.0 10355.69     0.00  1.00000
1264103. 12144.17 10330.86     0.00  57822.5      0.0 10330.86     0.00  1.00000
1306716. 12121.37 10305.73     0.00  57822.5      0.0 10305.73     0.00  1.00000
1349328. 12097.94 10280.29     0.00  57822.5      0.0 10280.29     0.00  1.00000
1391941. 12073.86 10254.51     0.00  57822.5      0.0 10254.51     0.00  1.00000
1434554. 12049.14 10228.36     0.00  57822.5      0.0 10228.36     0.00  1.00000
1477166. 12023.76 10201.82     0.00  57822.5      0.0 10201.82     0.00  1.00000
1519779. 11997.71 10174.87     0.00  57822.5      0.0 10174.87     0.00  1.00000
1562391. 11970.98 10147.47     0.00  57822.5      0.0 10147.47     0.00  1.00000
1605004. 11943.56 10119.62     0.00  57822.5      0.0 10119.62     0.00  1.00000
1647617. 11915.44 10091.27     0.00  57822.5      0.0 10091.27     0.00  1.00000
1690229. 11886.61 10062.41     0.00  57822.5      0.0 10062.41     0.00  1.00000
1732842. 11857.06 10033.02     0.00  57822.5      0.0 10033.02     0.00  1.00000
1775454. 11826.78 10003.06     0.00  57822.5      0.0 10003.06     0.00  1.00000
1818067. 11795.76  9972.52     0.00  57822.5      0.0  9972.52     0.00  1.00000
1860680. 11764.00  9941.37     0.00  57822.5      0.0  9941.37     0.00  1.00000
1903292. 11731.47  9909.58     0.00  57822.5      0.0  9909.58     0.00  1.00000
1945905. 11698.17  9877.13     0.00  57822.5      0.0  9877.13     0.00  1.00000
1988517. 11664.10  9844.01     0.00  57822.5      0.0  9844.01     0.00  1.00000
2031130. 11629.23  9810.17     0.00  57822.5      0.0  9810.17     0.00  1.00000
2073742. 11593.57  9775.60     0.00  57822.5      0.0  9775.60     0.00  1.00000
2116355. 11557.09  9740.28     0.00  57822.5      0.0  9740.28     0.00  1.00000
2158968. 11519.80  9704.17     0.00  57822.5      0.0  9704.17     0.00  1.00000
2201580. 11481.68  9667.26     0.00  57822.5      0.0  9667.26     0.00  1.00000
2244193. 11442.72  9629.53     0.00  57822.5      0.0  9629.53     0.00  1.00000
2286806. 11402.92  9590.93     0.00  57822.5      0.0  9590.93     0.00  1.00000
2329418. 11362.25  9551.46     0.00  57822.5      0.0  9551.46     0.00  1.00000
2372030. 11320.72  9511.09     0.00  57822.5      0.0  9511.09     0.00  1.00000
2414643. 11278.30  9469.79     0.00  57822.5      0.0  9469.79     0.00  1.00000
2457256. 11235.00  9427.54     0.00  57822.5      0.0  9427.54     0.00  1.00000
2499868. 11190.80  9384.31     0.00  57822.5      0.0  9384.31     0.00  1.00000
2542481. 11145.70  9340.09     0.00  57822.5      0.0  9340.09     0.00  1.00000
2585094. 11099.67  9294.84     0.00  57822.5      0.0  9294.84     0.00  1.00000
2627706. 11052.72  9248.54     0.00  57822.5      0.0  9248.54     0.00  1.00000
2670318. 11004.83  9201.17     0.00  57822.5      0.0  9201.17     0.00  1.00000
2712931. 10955.99  9152.70     0.00  57822.5      0.0  9152.70     0.00  1.00000
2755544. 10906.19  9103.11     0.00  57822.5      0.0  9103.11     0.00  1.00000
2798156. 10855.43  9052.37     0.00  57822.5      0.0  9052.37     0.00  1.00000
2840769. 10803.68  9000.46     0.00  57822.5      0.0  9000.46     0.00  1.00000
2883382. 10750.95  8947.36     0.00  57822.5      0.0  8947.36     0.00  1.00000
2925994. 10697.23  8893.04     0.00  57822.5      0.0  8893.04     0.00  1.00000
2968607. 10642.49  8837.47     0.00  57822.5      0.0  8837.47     0.00  1.00000
3011219. 10586.74  8780.64     0.00  57822.5      0.0  8780.64     0.00  1.00000
3053832. 10529.96  8722.51     0.00  57822.5      0.0  8722.51     0.00  1.00000
3096444. 10472.14  8663.07     0.00  57822.5      0.0  8663.07     0.00  1.00000
3139057. 10413.28  8602.29     0.00  57822.5      0.0  8602.29     0.00  1.00000
3181670. 10353.36  8540.14     0.00  57822.5      0.0  8540.14     0.00  1.00000
3224282. 10292.37  8476.60     0.00  57822.5      0.0  8476.60     0.00  1.00000
3266895. 10230.31  8411.65     0.00  57822.5      0.0  8411.65     0.00  1.00000
3309507. 10167.16  8345.26     0.00  57822.5      0.0  8345.26     0.00  1.00000
3352120. 10102.91  8277.40     0.00  57822.5      0.0  8277.40     0.00  1.00000
3394733. 10037.55  8208.06     0.00  57822.5      0.0  8208.06     0.00  1.00000
3437345.  9971.08  8137.21     0.00  57822.5      0.0  8137.21     0.00  1.00000
3479958.  9903.48  8064.82     0.00  57822.5      0.0  8064.82     0.00  1.00000
3479958.  5566.45 13716.60  7264.66  57822.5    312.0 13716.60  7264.66  1.00000
3517468.  5547.66 13707.42  7265.03  57822.5    312.0 13707.42  7265.03  1.00000
3554979.  5528.90 13698.33  7265.38  57822.5    312.0 13698.33  7265.38  1.00000
3592490.  5510.16 13689.33  7265.69  57822.5    312.0 13689.33  7265.69  1.00000
3630000.  5491.45 13680.41  7265.97  57822.5    312.0 13680.41  7265.97  1.00000
3630000.  5491.45 13680.41  7265.97  57822.5    312.0 13680.41  7265.97  1.00000
3662833.  5475.09 13640.64  7250.95  57822.5    312.0 13640.64  7250.95  1.00000
3695667.  5458.73 13601.16  7236.00  57822.5    312.0 13601.16  7236.00  1.00000
3728500.  5442.39 13561.96  7221.12  57822.5    312.0 13561.96  7221.12  1.00000
3761333.  5426.05 13523.00  7206.30  57822.5    312.0 13523.00  7206.30  1.00000
3794167.  5409.71 13484.27  7191.53  57822.5    312.0 13484.27  7191.53  1.00000
3827000.  5393.38 13445.75  7176.82  57822.5    312.0 13445.75  7176.82  1.00000
3859833.  5377.05 13407.42  7162.14  57822.5    312.0 13407.42  7162.14  1.00000
3892667.  5360.71 13369.24  7147.49  57822.5    312.0 13369.24  7147.49  1.00000
3925500.  5344.36 13331.21  7132.87  57822.5    312.0 13331.21  7132.87  1.00000
3958333.  5328.01 13293.30  7118.27  57822.5    312.0 13293.30  7118.27  1.00000
3991167.  5311.65 13255.48  7103.67  57822.5    312.0 13255.48  7103.67  1.00000
4024000.  5295.27 13217.74  7089.07  57822.5    312.0 13217.74  7089.07  1.00000
4056833.  5278.87 13180.05  7074.47  57822.5    312.0 13180.05  7074.47  1.00000
4089667.  5262.46 13142.39  7059.85  57822.5    312.0 13142.39  7059.85  1.00000
4122500.  5246.02 13104.75  7045.22  57822.5    312.0 13104.75  7045.22  1.00000
4155334.  5229.56 13067.09  7030.55  57822.5    312.0 13067.09  7030.55  1.00000
4188166.  5213.08 13029.39  7015.84  57822.5    312.0 13029.39  7015.84  1.00000
4221000.  5196.56 12991.64  7001.09  57822.5    312.0 12991.64  7001.09  1.00000
4253834.  5180.02 12953.81  6986.29  57822.5    312.0 12953.81  6986.29  1.00000
4286666.  5163.43 12915.88  6971.43  57822.5    312.0 12915.88  6971.43  1.00000
4319500.  5146.82 12877.83  6956.50  57822.5    312.0 12877.83  6956.50  1.00000
4352334.  5130.16 12839.64  6941.50  57822.5    312.0 12839.64  6941.50  1.00000
4385166.  5113.46 12801.28  6926.41  57822.5    312.0 12801.28  6926.41  1.00000
4418000.  5096.72 12762.73  6911.24  57822.5    312.0 12762.73  6911.24  1.00000
4450834.  5079.93 12723.97  6895.96  57822.5    312.0 12723.97  6895.96  1.00000
4483666.  5063.09 12684.99  6880.58  57822.5    312.0 12684.99  6880.58  1.00000
4516500.  5046.20 12645.74  6865.09  57822.5    312.0 12645.74  6865.09  1.00000
4549334.  5029.25 12606.23  6849.47  57822.5    312.0 12606.23  6849.47  1.00000
4582166.  5012.25 12566.42  6833.73  57822.5    312.0 12566.42  6833.73  1.00000
4615000.  4995.19 12526.28  6817.85  57822.5    312.0 12526.28  6817.85  1.00000
4647834.  4978.07 12485.81  6801.83  57822.5    312.0 12485.81  6801.83  1.00000
4680666.  4960.88 12444.98  6785.66  57822.5    312.0 12444.98  6785.66  1.00000
4713500.  4943.63 12403.76  6769.33  57822.5    312.0 12403.76  6769.33  1.00000
4746334.  4926.30 12362.13  6752.83  57822.5    312.0 12362.13  6752.83  1.00000
4779166.  4908.90 12320.08  6736.15  57822.5    312.0 12320.08  6736.15  1.00000
4812000.  4891.43 12277.57  6719.30  57822.5    312.0 12277.57  6719.30  1.00000
4844834.  4873.89 12234.60  6702.25  57822.5    312.0 12234.60  6702.25  1.00000
4877666.  4856.26 12191.13  6685.01  57822.5    312.0 12191.13  6685.01  1.00000
4910500.  4838.55 12147.14  6667.57  57822.5    312.0 12147.14  6667.57  1.00000
4943334.  4820.75 12102.62  6649.91  57822.5    312.0 12102.62  6649.91  1.00000
4976166.  4802.87 12057.53  6632.03  57822.5    312.0 12057.53  6632.03  1.00000
5009000.  4784.90 12011.87  6613.93  57822.5    312.0 12011.87  6613.93  1.00000
5041834.  4766.83 11965.60  6595.59  57822.5    312.0 11965.60  6595.59  1.00000
5074666.  4748.67 11918.71  6577.01  57822.5    312.0 11918.71  6577.01  1.00000
5107500.  4730.42 11871.17  6558.17  57822.5    312.0 11871.17  6558.17  1.00000
5140334.  4712.06 11822.96  6539.08  57822.5    312.0 11822.96  6539.08  1.00000
5173166.  4693.60 11774.07  6519.73  57822.5    312.0 11774.07  6519.73  1.00000
5206000.  4675.04 11724.45  6500.10  57822.5    312.0 11724.45  6500.10  1.00000
5238834.  4656.37 11674.11  6480.19  57822.5    312.0 11674.11  6480.19  1.00000
5271666.  4637.59 11623.01  6459.99  57822.5    312.0 11623.01  6459.99  1.00000
5304500.  4618.69 11571.12  6439.49  57822.5    312.0 11571.12  6439.49  1.00000
5337334.  4599.68 11518.44  6418.69  57822.5    312.0 11518.44  6418.69  1.00000
5370166.  4580.56 11464.94  6397.58  57822.5    312.0 11464.94  6397.58  1.00000
5403000.  4561.31 11410.60  6376.15  57822.5    312.0 11410.60  6376.15  1.00000
5435834.  4541.94 11355.38  6354.40  57822.5    312.0 11355.38  6354.40  1.00000
5468666.  4522.45 11299.28  6332.31  57822.5    312.0 11299.28  6332.31  1.00000
5501500.  4502.82 11242.27  6309.88  57822.5    312.0 11242.27  6309.88  1.00000
5534334.  4483.07 11184.33  6287.10  57822.5    312.0 11184.33  6287.10  1.00000
5567166.  4463.19 11125.44  6263.96  57822.5    312.0 11125.44  6263.96  1.00000
5600000.  4443.17 11065.57  6240.46  57822.5    312.0 11065.57  6240.46  1.00000
5600000.  4443.17 11065.56  6240.46  57822.5    312.0 11065.56  6240.46  1.00000
5625250.  4427.67 10987.05  6166.58  57822.5    312.0 10987.05  6166.58  1.00000
5650500.  4412.10 10908.50  6092.72  57822.5    312.0 10908.50  6092.72  1.00000
5675750.  4396.44 10829.91  6018.88  57822.5    312.0 10829.91  6018.88  1.00000
5701000.  4380.70 10751.28  5945.05  57822.5    312.0 10751.28  5945.05  1.00000
5701000.  3992.14 10266.24  5570.21  57822.5    143.0 10266.24  5570.21  1.00000
5724334.  3986.70 10230.10  5552.14  57822.5    143.0 10230.10  5552.14  1.00000
5747666.  3981.27 10193.96  5534.08  57822.5    143.0 10193.96  5534.08  1.00000
5771000.  3975.84 10157.82  5516.02  57822.5    143.0 10157.82  5516.02  1.00000
5771000.  3975.84 10157.83  5516.00  57822.5    143.0 10157.83  5516.00  1.00000
5796000.  3944.33 10029.84  5443.07  57822.5    143.0 10029.84  5443.07  1.00000
5821000.  3912.82  9901.85  5370.14  57822.5    143.0  9901.85  5370.14  1.00000
5846000.  3881.31  9773.86  5297.21  57822.5    143.0  9773.86  5297.21  1.00000
5871000.  3849.80  9645.88  5224.28  57822.5    143.0  9645.88  5224.28  1.00000
5896000.  3818.29  9517.89  5151.35  57822.5    143.0  9517.89  5151.35  1.00000
5921000.  3786.78  9389.90  5078.42  57822.5    143.0  9389.90  5078.42  1.00000
5946000.  3755.27  9261.91  5005.49  57822.5    143.0  9261.91  5005.49  1.00000
5971000.  3723.76  9133.92  4932.56  57822.5    143.0  9133.92  4932.56  1.00000
5971000.  3543.26  8905.24  4769.90  57822.5    143.0  8905.24  4769.90  1.00000
5993500.  3529.82  8861.95  4754.15  57822.5    143.0  8861.95  4754.15  1.00000
6016000.  3516.39  8818.67  4738.40  57822.5    143.0  8818.67  4738.40  1.00000
6038500.  3502.95  8775.38  4722.65  57822.5    143.0  8775.38  4722.65  1.00000
6061000.  3489.51  8732.09  4706.90  57822.5    143.0  8732.09  4706.90  1.00000
6083500.  3476.08  8688.81  4691.15  57822.5    143.0  8688.81  4691.15  1.00000
6106000.  3462.64  8645.52  4675.40  57822.5    143.0  8645.52  4675.40  1.00000
6128500.  3449.21  8602.23  4659.65  57822.5    143.0  8602.23  4659.65  1.00000
6151000.  3435.77  8558.95  4643.90  57822.5    143.0  8558.95  4643.90  1.00000
6151000.  3359.49  7800.49  4441.10  57822.5     80.0  8048.61  4436.28  0.97654
6174334.  3362.03  7826.93  4435.73  57822.5     80.0  8065.52  4457.22  0.96747
6197666.  3364.57  7853.36  4430.35  57822.5     80.0  8082.43  4478.16  0.95839
6221000.  3367.10  7879.80  4424.97  57822.5     80.0  8099.34  4499.10  0.94932
6244334.  3369.64  7906.23  4419.60  57822.5     80.0  8116.25  4520.04  0.94025
6267666.  3372.17  7932.67  4414.22  57822.5     80.0  8133.16  4540.98  0.93117
6291000.  3374.71  7959.10  4408.85  57822.5     80.0  8150.07  4561.92  0.92210
6291000.  3374.71  7959.10  4408.85  57822.5    600.0  8150.07  4561.92  0.92210
6309543.  3376.73  7980.11  4404.57  57822.5    600.0  8163.51  4578.56  0.91488
6328086.  3378.74  8001.12  4400.30  57822.5    600.0  8176.95  4595.20  0.90767
6346629.  3380.76  8022.13  4396.03  57822.5    600.0  8190.39  4611.85  0.90046
6346629.  2900.00  6800.00  3900.00  57822.5    600.0  6800.00  3900.00  1.00000
6351314.  2900.00  6800.00  3900.00  57822.5    600.0  6800.00  3900.00  1.00000
6356000.  2900.00  6800.00  3900.00  57822.5    600.0  6800.00  3900.00  1.00000
6356000.  2600.00  5800.00  3200.00  57822.5    600.0  5800.00  3200.00  1.00000
6362000.  2600.00  5800.00  3200.00  57822.5    600.0  5800.00  3200.00  1.00000
6368000.  2600.00  5800.00  3200.00  57822.5    600.0  5800.00  3200.00  1.00000
6371000.  2600.00  5800.00  3200.00  57822.5    600.0  5800.00  3200.00  1.00000
