 25.0000   -125.0000
 25.0000   -124.0000
 25.0000   -123.0000
 25.0000   -122.0000
 25.0000   -121.0000
 25.0000   -120.0000
 25.0000   -119.0000
 25.0000   -118.0000
 25.0000   -117.0000
 25.0000   -116.0000
 25.0000   -115.0000
 25.0000   -114.0000
 25.0000   -113.0000
 25.0000   -112.0000
 25.0000   -111.0000
 25.0000   -110.0000
 25.0000   -109.0000
 25.0000   -108.0000
 25.0000   -107.0000
 25.0000   -106.0000
 25.0000   -105.0000
 25.0000   -104.0000
 25.0000   -103.0000
 25.0000   -102.0000
 25.0000   -101.0000
 25.0000   -100.0000
 25.0000    -99.0000
 25.0000    -98.0000
 25.0000    -97.0000
 25.0000    -96.0000
 25.0000    -95.0000
 25.0000    -94.0000
 25.0000    -93.0000
 25.0000    -92.0000
 25.0000    -91.0000
 25.0000    -90.0000
 25.0000    -89.0000
 25.0000    -88.0000
 25.0000    -87.0000
 25.0000    -86.0000
 25.0000    -85.0000
 25.0000    -84.0000
 25.0000    -83.0000
 25.0000    -82.0000
 25.0000    -81.0000
 25.0000    -80.0000
 25.0000    -79.0000
 25.0000    -78.0000
 25.0000    -77.0000
 25.0000    -76.0000
 25.0000    -75.0000
 25.0000    -74.0000
 25.0000    -73.0000
 25.0000    -72.0000
 25.0000    -71.0000
 25.0000    -70.0000
 26.0000   -125.0000
 26.0000   -124.0000
 26.0000   -123.0000
 26.0000   -122.0000
 26.0000   -121.0000
 26.0000   -120.0000
 26.0000   -119.0000
 26.0000   -118.0000
 26.0000   -117.0000
 26.0000   -116.0000
 26.0000   -115.0000
 26.0000   -114.0000
 26.0000   -113.0000
 26.0000   -112.0000
 26.0000   -111.0000
 26.0000   -110.0000
 26.0000   -109.0000
 26.0000   -108.0000
 26.0000   -107.0000
 26.0000   -106.0000
 26.0000   -105.0000
 26.0000   -104.0000
 26.0000   -103.0000
 26.0000   -102.0000
 26.0000   -101.0000
 26.0000   -100.0000
 26.0000    -99.0000
 26.0000    -98.0000
 26.0000    -97.0000
 26.0000    -96.0000
 26.0000    -95.0000
 26.0000    -94.0000
 26.0000    -93.0000
 26.0000    -92.0000
 26.0000    -91.0000
 26.0000    -90.0000
 26.0000    -89.0000
 26.0000    -88.0000
 26.0000    -87.0000
 26.0000    -86.0000
 26.0000    -85.0000
 26.0000    -84.0000
 26.0000    -83.0000
 26.0000    -82.0000
 26.0000    -81.0000
 26.0000    -80.0000
 26.0000    -79.0000
 26.0000    -78.0000
 26.0000    -77.0000
 26.0000    -76.0000
 26.0000    -75.0000
 26.0000    -74.0000
 26.0000    -73.0000
 26.0000    -72.0000
 26.0000    -71.0000
 26.0000    -70.0000
 27.0000   -125.0000
 27.0000   -124.0000
 27.0000   -123.0000
 27.0000   -122.0000
 27.0000   -121.0000
 27.0000   -120.0000
 27.0000   -119.0000
 27.0000   -118.0000
 27.0000   -117.0000
 27.0000   -116.0000
 27.0000   -115.0000
 27.0000   -114.0000
 27.0000   -113.0000
 27.0000   -112.0000
 27.0000   -111.0000
 27.0000   -110.0000
 27.0000   -109.0000
 27.0000   -108.0000
 27.0000   -107.0000
 27.0000   -106.0000
 27.0000   -105.0000
 27.0000   -104.0000
 27.0000   -103.0000
 27.0000   -102.0000
 27.0000   -101.0000
 27.0000   -100.0000
 27.0000    -99.0000
 27.0000    -98.0000
 27.0000    -97.0000
 27.0000    -96.0000
 27.0000    -95.0000
 27.0000    -94.0000
 27.0000    -93.0000
 27.0000    -92.0000
 27.0000    -91.0000
 27.0000    -90.0000
 27.0000    -89.0000
 27.0000    -88.0000
 27.0000    -87.0000
 27.0000    -86.0000
 27.0000    -85.0000
 27.0000    -84.0000
 27.0000    -83.0000
 27.0000    -82.0000
 27.0000    -81.0000
 27.0000    -80.0000
 27.0000    -79.0000
 27.0000    -78.0000
 27.0000    -77.0000
 27.0000    -76.0000
 27.0000    -75.0000
 27.0000    -74.0000
 27.0000    -73.0000
 27.0000    -72.0000
 27.0000    -71.0000
 27.0000    -70.0000
 28.0000   -125.0000
 28.0000   -124.0000
 28.0000   -123.0000
 28.0000   -122.0000
 28.0000   -121.0000
 28.0000   -120.0000
 28.0000   -119.0000
 28.0000   -118.0000
 28.0000   -117.0000
 28.0000   -116.0000
 28.0000   -115.0000
 28.0000   -114.0000
 28.0000   -113.0000
 28.0000   -112.0000
 28.0000   -111.0000
 28.0000   -110.0000
 28.0000   -109.0000
 28.0000   -108.0000
 28.0000   -107.0000
 28.0000   -106.0000
 28.0000   -105.0000
 28.0000   -104.0000
 28.0000   -103.0000
 28.0000   -102.0000
 28.0000   -101.0000
 28.0000   -100.0000
 28.0000    -99.0000
 28.0000    -98.0000
 28.0000    -97.0000
 28.0000    -96.0000
 28.0000    -95.0000
 28.0000    -94.0000
 28.0000    -93.0000
 28.0000    -92.0000
 28.0000    -91.0000
 28.0000    -90.0000
 28.0000    -89.0000
 28.0000    -88.0000
 28.0000    -87.0000
 28.0000    -86.0000
 28.0000    -85.0000
 28.0000    -84.0000
 28.0000    -83.0000
 28.0000    -82.0000
 28.0000    -81.0000
 28.0000    -80.0000
 28.0000    -79.0000
 28.0000    -78.0000
 28.0000    -77.0000
 28.0000    -76.0000
 28.0000    -75.0000
 28.0000    -74.0000
 28.0000    -73.0000
 28.0000    -72.0000
 28.0000    -71.0000
 28.0000    -70.0000
 29.0000   -125.0000
 29.0000   -124.0000
 29.0000   -123.0000
 29.0000   -122.0000
 29.0000   -121.0000
 29.0000   -120.0000
 29.0000   -119.0000
 29.0000   -118.0000
 29.0000   -117.0000
 29.0000   -116.0000
 29.0000   -115.0000
 29.0000   -114.0000
 29.0000   -113.0000
 29.0000   -112.0000
 29.0000   -111.0000
 29.0000   -110.0000
 29.0000   -109.0000
 29.0000   -108.0000
 29.0000   -107.0000
 29.0000   -106.0000
 29.0000   -105.0000
 29.0000   -104.0000
 29.0000   -103.0000
 29.0000   -102.0000
 29.0000   -101.0000
 29.0000   -100.0000
 29.0000    -99.0000
 29.0000    -98.0000
 29.0000    -97.0000
 29.0000    -96.0000
 29.0000    -95.0000
 29.0000    -94.0000
 29.0000    -93.0000
 29.0000    -92.0000
 29.0000    -91.0000
 29.0000    -90.0000
 29.0000    -89.0000
 29.0000    -88.0000
 29.0000    -87.0000
 29.0000    -86.0000
 29.0000    -85.0000
 29.0000    -84.0000
 29.0000    -83.0000
 29.0000    -82.0000
 29.0000    -81.0000
 29.0000    -80.0000
 29.0000    -79.0000
 29.0000    -78.0000
 29.0000    -77.0000
 29.0000    -76.0000
 29.0000    -75.0000
 29.0000    -74.0000
 29.0000    -73.0000
 29.0000    -72.0000
 29.0000    -71.0000
 29.0000    -70.0000
 30.0000   -125.0000
 30.0000   -124.0000
 30.0000   -123.0000
 30.0000   -122.0000
 30.0000   -121.0000
 30.0000   -120.0000
 30.0000   -119.0000
 30.0000   -118.0000
 30.0000   -117.0000
 30.0000   -116.0000
 30.0000   -115.0000
 30.0000   -114.0000
 30.0000   -113.0000
 30.0000   -112.0000
 30.0000   -111.0000
 30.0000   -110.0000
 30.0000   -109.0000
 30.0000   -108.0000
 30.0000   -107.0000
 30.0000   -106.0000
 30.0000   -105.0000
 30.0000   -104.0000
 30.0000   -103.0000
 30.0000   -102.0000
 30.0000   -101.0000
 30.0000   -100.0000
 30.0000    -99.0000
 30.0000    -98.0000
 30.0000    -97.0000
 30.0000    -96.0000
 30.0000    -95.0000
 30.0000    -94.0000
 30.0000    -93.0000
 30.0000    -92.0000
 30.0000    -91.0000
 30.0000    -90.0000
 30.0000    -89.0000
 30.0000    -88.0000
 30.0000    -87.0000
 30.0000    -86.0000
 30.0000    -85.0000
 30.0000    -84.0000
 30.0000    -83.0000
 30.0000    -82.0000
 30.0000    -81.0000
 30.0000    -80.0000
 30.0000    -79.0000
 30.0000    -78.0000
 30.0000    -77.0000
 30.0000    -76.0000
 30.0000    -75.0000
 30.0000    -74.0000
 30.0000    -73.0000
 30.0000    -72.0000
 30.0000    -71.0000
 30.0000    -70.0000
 31.0000   -125.0000
 31.0000   -124.0000
 31.0000   -123.0000
 31.0000   -122.0000
 31.0000   -121.0000
 31.0000   -120.0000
 31.0000   -119.0000
 31.0000   -118.0000
 31.0000   -117.0000
 31.0000   -116.0000
 31.0000   -115.0000
 31.0000   -114.0000
 31.0000   -113.0000
 31.0000   -112.0000
 31.0000   -111.0000
 31.0000   -110.0000
 31.0000   -109.0000
 31.0000   -108.0000
 31.0000   -107.0000
 31.0000   -106.0000
 31.0000   -105.0000
 31.0000   -104.0000
 31.0000   -103.0000
 31.0000   -102.0000
 31.0000   -101.0000
 31.0000   -100.0000
 31.0000    -99.0000
 31.0000    -98.0000
 31.0000    -97.0000
 31.0000    -96.0000
 31.0000    -95.0000
 31.0000    -94.0000
 31.0000    -93.0000
 31.0000    -92.0000
 31.0000    -91.0000
 31.0000    -90.0000
 31.0000    -89.0000
 31.0000    -88.0000
 31.0000    -87.0000
 31.0000    -86.0000
 31.0000    -85.0000
 31.0000    -84.0000
 31.0000    -83.0000
 31.0000    -82.0000
 31.0000    -81.0000
 31.0000    -80.0000
 31.0000    -79.0000
 31.0000    -78.0000
 31.0000    -77.0000
 31.0000    -76.0000
 31.0000    -75.0000
 31.0000    -74.0000
 31.0000    -73.0000
 31.0000    -72.0000
 31.0000    -71.0000
 31.0000    -70.0000
 32.0000   -125.0000
 32.0000   -124.0000
 32.0000   -123.0000
 32.0000   -122.0000
 32.0000   -121.0000
 32.0000   -120.0000
 32.0000   -119.0000
 32.0000   -118.0000
 32.0000   -117.0000
 32.0000   -116.0000
 32.0000   -115.0000
 32.0000   -114.0000
 32.0000   -113.0000
 32.0000   -112.0000
 32.0000   -111.0000
 32.0000   -110.0000
 32.0000   -109.0000
 32.0000   -108.0000
 32.0000   -107.0000
 32.0000   -106.0000
 32.0000   -105.0000
 32.0000   -104.0000
 32.0000   -103.0000
 32.0000   -102.0000
 32.0000   -101.0000
 32.0000   -100.0000
 32.0000    -99.0000
 32.0000    -98.0000
 32.0000    -97.0000
 32.0000    -96.0000
 32.0000    -95.0000
 32.0000    -94.0000
 32.0000    -93.0000
 32.0000    -92.0000
 32.0000    -91.0000
 32.0000    -90.0000
 32.0000    -89.0000
 32.0000    -88.0000
 32.0000    -87.0000
 32.0000    -86.0000
 32.0000    -85.0000
 32.0000    -84.0000
 32.0000    -83.0000
 32.0000    -82.0000
 32.0000    -81.0000
 32.0000    -80.0000
 32.0000    -79.0000
 32.0000    -78.0000
 32.0000    -77.0000
 32.0000    -76.0000
 32.0000    -75.0000
 32.0000    -74.0000
 32.0000    -73.0000
 32.0000    -72.0000
 32.0000    -71.0000
 32.0000    -70.0000
 33.0000   -125.0000
 33.0000   -124.0000
 33.0000   -123.0000
 33.0000   -122.0000
 33.0000   -121.0000
 33.0000   -120.0000
 33.0000   -119.0000
 33.0000   -118.0000
 33.0000   -117.0000
 33.0000   -116.0000
 33.0000   -115.0000
 33.0000   -114.0000
 33.0000   -113.0000
 33.0000   -112.0000
 33.0000   -111.0000
 33.0000   -110.0000
 33.0000   -109.0000
 33.0000   -108.0000
 33.0000   -107.0000
 33.0000   -106.0000
 33.0000   -105.0000
 33.0000   -104.0000
 33.0000   -103.0000
 33.0000   -102.0000
 33.0000   -101.0000
 33.0000   -100.0000
 33.0000    -99.0000
 33.0000    -98.0000
 33.0000    -97.0000
 33.0000    -96.0000
 33.0000    -95.0000
 33.0000    -94.0000
 33.0000    -93.0000
 33.0000    -92.0000
 33.0000    -91.0000
 33.0000    -90.0000
 33.0000    -89.0000
 33.0000    -88.0000
 33.0000    -87.0000
 33.0000    -86.0000
 33.0000    -85.0000
 33.0000    -84.0000
 33.0000    -83.0000
 33.0000    -82.0000
 33.0000    -81.0000
 33.0000    -80.0000
 33.0000    -79.0000
 33.0000    -78.0000
 33.0000    -77.0000
 33.0000    -76.0000
 33.0000    -75.0000
 33.0000    -74.0000
 33.0000    -73.0000
 33.0000    -72.0000
 33.0000    -71.0000
 33.0000    -70.0000
 34.0000   -125.0000
 34.0000   -124.0000
 34.0000   -123.0000
 34.0000   -122.0000
 34.0000   -121.0000
 34.0000   -120.0000
 34.0000   -119.0000
 34.0000   -118.0000
 34.0000   -117.0000
 34.0000   -116.0000
 34.0000   -115.0000
 34.0000   -114.0000
 34.0000   -113.0000
 34.0000   -112.0000
 34.0000   -111.0000
 34.0000   -110.0000
 34.0000   -109.0000
 34.0000   -108.0000
 34.0000   -107.0000
 34.0000   -106.0000
 34.0000   -105.0000
 34.0000   -104.0000
 34.0000   -103.0000
 34.0000   -102.0000
 34.0000   -101.0000
 34.0000   -100.0000
 34.0000    -99.0000
 34.0000    -98.0000
 34.0000    -97.0000
 34.0000    -96.0000
 34.0000    -95.0000
 34.0000    -94.0000
 34.0000    -93.0000
 34.0000    -92.0000
 34.0000    -91.0000
 34.0000    -90.0000
 34.0000    -89.0000
 34.0000    -88.0000
 34.0000    -87.0000
 34.0000    -86.0000
 34.0000    -85.0000
 34.0000    -84.0000
 34.0000    -83.0000
 34.0000    -82.0000
 34.0000    -81.0000
 34.0000    -80.0000
 34.0000    -79.0000
 34.0000    -78.0000
 34.0000    -77.0000
 34.0000    -76.0000
 34.0000    -75.0000
 34.0000    -74.0000
 34.0000    -73.0000
 34.0000    -72.0000
 34.0000    -71.0000
 34.0000    -70.0000
 35.0000   -125.0000
 35.0000   -124.0000
 35.0000   -123.0000
 35.0000   -122.0000
 35.0000   -121.0000
 35.0000   -120.0000
 35.0000   -119.0000
 35.0000   -118.0000
 35.0000   -117.0000
 35.0000   -116.0000
 35.0000   -115.0000
 35.0000   -114.0000
 35.0000   -113.0000
 35.0000   -112.0000
 35.0000   -111.0000
 35.0000   -110.0000
 35.0000   -109.0000
 35.0000   -108.0000
 35.0000   -107.0000
 35.0000   -106.0000
 35.0000   -105.0000
 35.0000   -104.0000
 35.0000   -103.0000
 35.0000   -102.0000
 35.0000   -101.0000
 35.0000   -100.0000
 35.0000    -99.0000
 35.0000    -98.0000
 35.0000    -97.0000
 35.0000    -96.0000
 35.0000    -95.0000
 35.0000    -94.0000
 35.0000    -93.0000
 35.0000    -92.0000
 35.0000    -91.0000
 35.0000    -90.0000
 35.0000    -89.0000
 35.0000    -88.0000
 35.0000    -87.0000
 35.0000    -86.0000
 35.0000    -85.0000
 35.0000    -84.0000
 35.0000    -83.0000
 35.0000    -82.0000
 35.0000    -81.0000
 35.0000    -80.0000
 35.0000    -79.0000
 35.0000    -78.0000
 35.0000    -77.0000
 35.0000    -76.0000
 35.0000    -75.0000
 35.0000    -74.0000
 35.0000    -73.0000
 35.0000    -72.0000
 35.0000    -71.0000
 35.0000    -70.0000
 36.0000   -125.0000
 36.0000   -124.0000
 36.0000   -123.0000
 36.0000   -122.0000
 36.0000   -121.0000
 36.0000   -120.0000
 36.0000   -119.0000
 36.0000   -118.0000
 36.0000   -117.0000
 36.0000   -116.0000
 36.0000   -115.0000
 36.0000   -114.0000
 36.0000   -113.0000
 36.0000   -112.0000
 36.0000   -111.0000
 36.0000   -110.0000
 36.0000   -109.0000
 36.0000   -108.0000
 36.0000   -107.0000
 36.0000   -106.0000
 36.0000   -105.0000
 36.0000   -104.0000
 36.0000   -103.0000
 36.0000   -102.0000
 36.0000   -101.0000
 36.0000   -100.0000
 36.0000    -99.0000
 36.0000    -98.0000
 36.0000    -97.0000
 36.0000    -96.0000
 36.0000    -95.0000
 36.0000    -94.0000
 36.0000    -93.0000
 36.0000    -92.0000
 36.0000    -91.0000
 36.0000    -90.0000
 36.0000    -89.0000
 36.0000    -88.0000
 36.0000    -87.0000
 36.0000    -86.0000
 36.0000    -85.0000
 36.0000    -84.0000
 36.0000    -83.0000
 36.0000    -82.0000
 36.0000    -81.0000
 36.0000    -80.0000
 36.0000    -79.0000
 36.0000    -78.0000
 36.0000    -77.0000
 36.0000    -76.0000
 36.0000    -75.0000
 36.0000    -74.0000
 36.0000    -73.0000
 36.0000    -72.0000
 36.0000    -71.0000
 36.0000    -70.0000
 37.0000   -125.0000
 37.0000   -124.0000
 37.0000   -123.0000
 37.0000   -122.0000
 37.0000   -121.0000
 37.0000   -120.0000
 37.0000   -119.0000
 37.0000   -118.0000
 37.0000   -117.0000
 37.0000   -116.0000
 37.0000   -115.0000
 37.0000   -114.0000
 37.0000   -113.0000
 37.0000   -112.0000
 37.0000   -111.0000
 37.0000   -110.0000
 37.0000   -109.0000
 37.0000   -108.0000
 37.0000   -107.0000
 37.0000   -106.0000
 37.0000   -105.0000
 37.0000   -104.0000
 37.0000   -103.0000
 37.0000   -102.0000
 37.0000   -101.0000
 37.0000   -100.0000
 37.0000    -99.0000
 37.0000    -98.0000
 37.0000    -97.0000
 37.0000    -96.0000
 37.0000    -95.0000
 37.0000    -94.0000
 37.0000    -93.0000
 37.0000    -92.0000
 37.0000    -91.0000
 37.0000    -90.0000
 37.0000    -89.0000
 37.0000    -88.0000
 37.0000    -87.0000
 37.0000    -86.0000
 37.0000    -85.0000
 37.0000    -84.0000
 37.0000    -83.0000
 37.0000    -82.0000
 37.0000    -81.0000
 37.0000    -80.0000
 37.0000    -79.0000
 37.0000    -78.0000
 37.0000    -77.0000
 37.0000    -76.0000
 37.0000    -75.0000
 37.0000    -74.0000
 37.0000    -73.0000
 37.0000    -72.0000
 37.0000    -71.0000
 37.0000    -70.0000
 38.0000   -125.0000
 38.0000   -124.0000
 38.0000   -123.0000
 38.0000   -122.0000
 38.0000   -121.0000
 38.0000   -120.0000
 38.0000   -119.0000
 38.0000   -118.0000
 38.0000   -117.0000
 38.0000   -116.0000
 38.0000   -115.0000
 38.0000   -114.0000
 38.0000   -113.0000
 38.0000   -112.0000
 38.0000   -111.0000
 38.0000   -110.0000
 38.0000   -109.0000
 38.0000   -108.0000
 38.0000   -107.0000
 38.0000   -106.0000
 38.0000   -105.0000
 38.0000   -104.0000
 38.0000   -103.0000
 38.0000   -102.0000
 38.0000   -101.0000
 38.0000   -100.0000
 38.0000    -99.0000
 38.0000    -98.0000
 38.0000    -97.0000
 38.0000    -96.0000
 38.0000    -95.0000
 38.0000    -94.0000
 38.0000    -93.0000
 38.0000    -92.0000
 38.0000    -91.0000
 38.0000    -90.0000
 38.0000    -89.0000
 38.0000    -88.0000
 38.0000    -87.0000
 38.0000    -86.0000
 38.0000    -85.0000
 38.0000    -84.0000
 38.0000    -83.0000
 38.0000    -82.0000
 38.0000    -81.0000
 38.0000    -80.0000
 38.0000    -79.0000
 38.0000    -78.0000
 38.0000    -77.0000
 38.0000    -76.0000
 38.0000    -75.0000
 38.0000    -74.0000
 38.0000    -73.0000
 38.0000    -72.0000
 38.0000    -71.0000
 38.0000    -70.0000
 39.0000   -125.0000
 39.0000   -124.0000
 39.0000   -123.0000
 39.0000   -122.0000
 39.0000   -121.0000
 39.0000   -120.0000
 39.0000   -119.0000
 39.0000   -118.0000
 39.0000   -117.0000
 39.0000   -116.0000
 39.0000   -115.0000
 39.0000   -114.0000
 39.0000   -113.0000
 39.0000   -112.0000
 39.0000   -111.0000
 39.0000   -110.0000
 39.0000   -109.0000
 39.0000   -108.0000
 39.0000   -107.0000
 39.0000   -106.0000
 39.0000   -105.0000
 39.0000   -104.0000
 39.0000   -103.0000
 39.0000   -102.0000
 39.0000   -101.0000
 39.0000   -100.0000
 39.0000    -99.0000
 39.0000    -98.0000
 39.0000    -97.0000
 39.0000    -96.0000
 39.0000    -95.0000
 39.0000    -94.0000
 39.0000    -93.0000
 39.0000    -92.0000
 39.0000    -91.0000
 39.0000    -90.0000
 39.0000    -89.0000
 39.0000    -88.0000
 39.0000    -87.0000
 39.0000    -86.0000
 39.0000    -85.0000
 39.0000    -84.0000
 39.0000    -83.0000
 39.0000    -82.0000
 39.0000    -81.0000
 39.0000    -80.0000
 39.0000    -79.0000
 39.0000    -78.0000
 39.0000    -77.0000
 39.0000    -76.0000
 39.0000    -75.0000
 39.0000    -74.0000
 39.0000    -73.0000
 39.0000    -72.0000
 39.0000    -71.0000
 39.0000    -70.0000
 40.0000   -125.0000
 40.0000   -124.0000
 40.0000   -123.0000
 40.0000   -122.0000
 40.0000   -121.0000
 40.0000   -120.0000
 40.0000   -119.0000
 40.0000   -118.0000
 40.0000   -117.0000
 40.0000   -116.0000
 40.0000   -115.0000
 40.0000   -114.0000
 40.0000   -113.0000
 40.0000   -112.0000
 40.0000   -111.0000
 40.0000   -110.0000
 40.0000   -109.0000
 40.0000   -108.0000
 40.0000   -107.0000
 40.0000   -106.0000
 40.0000   -105.0000
 40.0000   -104.0000
 40.0000   -103.0000
 40.0000   -102.0000
 40.0000   -101.0000
 40.0000   -100.0000
 40.0000    -99.0000
 40.0000    -98.0000
 40.0000    -97.0000
 40.0000    -96.0000
 40.0000    -95.0000
 40.0000    -94.0000
 40.0000    -93.0000
 40.0000    -92.0000
 40.0000    -91.0000
 40.0000    -90.0000
 40.0000    -89.0000
 40.0000    -88.0000
 40.0000    -87.0000
 40.0000    -86.0000
 40.0000    -85.0000
 40.0000    -84.0000
 40.0000    -83.0000
 40.0000    -82.0000
 40.0000    -81.0000
 40.0000    -80.0000
 40.0000    -79.0000
 40.0000    -78.0000
 40.0000    -77.0000
 40.0000    -76.0000
 40.0000    -75.0000
 40.0000    -74.0000
 40.0000    -73.0000
 40.0000    -72.0000
 40.0000    -71.0000
 40.0000    -70.0000
 41.0000   -125.0000
 41.0000   -124.0000
 41.0000   -123.0000
 41.0000   -122.0000
 41.0000   -121.0000
 41.0000   -120.0000
 41.0000   -119.0000
 41.0000   -118.0000
 41.0000   -117.0000
 41.0000   -116.0000
 41.0000   -115.0000
 41.0000   -114.0000
 41.0000   -113.0000
 41.0000   -112.0000
 41.0000   -111.0000
 41.0000   -110.0000
 41.0000   -109.0000
 41.0000   -108.0000
 41.0000   -107.0000
 41.0000   -106.0000
 41.0000   -105.0000
 41.0000   -104.0000
 41.0000   -103.0000
 41.0000   -102.0000
 41.0000   -101.0000
 41.0000   -100.0000
 41.0000    -99.0000
 41.0000    -98.0000
 41.0000    -97.0000
 41.0000    -96.0000
 41.0000    -95.0000
 41.0000    -94.0000
 41.0000    -93.0000
 41.0000    -92.0000
 41.0000    -91.0000
 41.0000    -90.0000
 41.0000    -89.0000
 41.0000    -88.0000
 41.0000    -87.0000
 41.0000    -86.0000
 41.0000    -85.0000
 41.0000    -84.0000
 41.0000    -83.0000
 41.0000    -82.0000
 41.0000    -81.0000
 41.0000    -80.0000
 41.0000    -79.0000
 41.0000    -78.0000
 41.0000    -77.0000
 41.0000    -76.0000
 41.0000    -75.0000
 41.0000    -74.0000
 41.0000    -73.0000
 41.0000    -72.0000
 41.0000    -71.0000
 41.0000    -70.0000
 42.0000   -125.0000
 42.0000   -124.0000
 42.0000   -123.0000
 42.0000   -122.0000
 42.0000   -121.0000
 42.0000   -120.0000
 42.0000   -119.0000
 42.0000   -118.0000
 42.0000   -117.0000
 42.0000   -116.0000
 42.0000   -115.0000
 42.0000   -114.0000
 42.0000   -113.0000
 42.0000   -112.0000
 42.0000   -111.0000
 42.0000   -110.0000
 42.0000   -109.0000
 42.0000   -108.0000
 42.0000   -107.0000
 42.0000   -106.0000
 42.0000   -105.0000
 42.0000   -104.0000
 42.0000   -103.0000
 42.0000   -102.0000
 42.0000   -101.0000
 42.0000   -100.0000
 42.0000    -99.0000
 42.0000    -98.0000
 42.0000    -97.0000
 42.0000    -96.0000
 42.0000    -95.0000
 42.0000    -94.0000
 42.0000    -93.0000
 42.0000    -92.0000
 42.0000    -91.0000
 42.0000    -90.0000
 42.0000    -89.0000
 42.0000    -88.0000
 42.0000    -87.0000
 42.0000    -86.0000
 42.0000    -85.0000
 42.0000    -84.0000
 42.0000    -83.0000
 42.0000    -82.0000
 42.0000    -81.0000
 42.0000    -80.0000
 42.0000    -79.0000
 42.0000    -78.0000
 42.0000    -77.0000
 42.0000    -76.0000
 42.0000    -75.0000
 42.0000    -74.0000
 42.0000    -73.0000
 42.0000    -72.0000
 42.0000    -71.0000
 42.0000    -70.0000
 43.0000   -125.0000
 43.0000   -124.0000
 43.0000   -123.0000
 43.0000   -122.0000
 43.0000   -121.0000
 43.0000   -120.0000
 43.0000   -119.0000
 43.0000   -118.0000
 43.0000   -117.0000
 43.0000   -116.0000
 43.0000   -115.0000
 43.0000   -114.0000
 43.0000   -113.0000
 43.0000   -112.0000
 43.0000   -111.0000
 43.0000   -110.0000
 43.0000   -109.0000
 43.0000   -108.0000
 43.0000   -107.0000
 43.0000   -106.0000
 43.0000   -105.0000
 43.0000   -104.0000
 43.0000   -103.0000
 43.0000   -102.0000
 43.0000   -101.0000
 43.0000   -100.0000
 43.0000    -99.0000
 43.0000    -98.0000
 43.0000    -97.0000
 43.0000    -96.0000
 43.0000    -95.0000
 43.0000    -94.0000
 43.0000    -93.0000
 43.0000    -92.0000
 43.0000    -91.0000
 43.0000    -90.0000
 43.0000    -89.0000
 43.0000    -88.0000
 43.0000    -87.0000
 43.0000    -86.0000
 43.0000    -85.0000
 43.0000    -84.0000
 43.0000    -83.0000
 43.0000    -82.0000
 43.0000    -81.0000
 43.0000    -80.0000
 43.0000    -79.0000
 43.0000    -78.0000
 43.0000    -77.0000
 43.0000    -76.0000
 43.0000    -75.0000
 43.0000    -74.0000
 43.0000    -73.0000
 43.0000    -72.0000
 43.0000    -71.0000
 43.0000    -70.0000
 44.0000   -125.0000
 44.0000   -124.0000
 44.0000   -123.0000
 44.0000   -122.0000
 44.0000   -121.0000
 44.0000   -120.0000
 44.0000   -119.0000
 44.0000   -118.0000
 44.0000   -117.0000
 44.0000   -116.0000
 44.0000   -115.0000
 44.0000   -114.0000
 44.0000   -113.0000
 44.0000   -112.0000
 44.0000   -111.0000
 44.0000   -110.0000
 44.0000   -109.0000
 44.0000   -108.0000
 44.0000   -107.0000
 44.0000   -106.0000
 44.0000   -105.0000
 44.0000   -104.0000
 44.0000   -103.0000
 44.0000   -102.0000
 44.0000   -101.0000
 44.0000   -100.0000
 44.0000    -99.0000
 44.0000    -98.0000
 44.0000    -97.0000
 44.0000    -96.0000
 44.0000    -95.0000
 44.0000    -94.0000
 44.0000    -93.0000
 44.0000    -92.0000
 44.0000    -91.0000
 44.0000    -90.0000
 44.0000    -89.0000
 44.0000    -88.0000
 44.0000    -87.0000
 44.0000    -86.0000
 44.0000    -85.0000
 44.0000    -84.0000
 44.0000    -83.0000
 44.0000    -82.0000
 44.0000    -81.0000
 44.0000    -80.0000
 44.0000    -79.0000
 44.0000    -78.0000
 44.0000    -77.0000
 44.0000    -76.0000
 44.0000    -75.0000
 44.0000    -74.0000
 44.0000    -73.0000
 44.0000    -72.0000
 44.0000    -71.0000
 44.0000    -70.0000
 45.0000   -125.0000
 45.0000   -124.0000
 45.0000   -123.0000
 45.0000   -122.0000
 45.0000   -121.0000
 45.0000   -120.0000
 45.0000   -119.0000
 45.0000   -118.0000
 45.0000   -117.0000
 45.0000   -116.0000
 45.0000   -115.0000
 45.0000   -114.0000
 45.0000   -113.0000
 45.0000   -112.0000
 45.0000   -111.0000
 45.0000   -110.0000
 45.0000   -109.0000
 45.0000   -108.0000
 45.0000   -107.0000
 45.0000   -106.0000
 45.0000   -105.0000
 45.0000   -104.0000
 45.0000   -103.0000
 45.0000   -102.0000
 45.0000   -101.0000
 45.0000   -100.0000
 45.0000    -99.0000
 45.0000    -98.0000
 45.0000    -97.0000
 45.0000    -96.0000
 45.0000    -95.0000
 45.0000    -94.0000
 45.0000    -93.0000
 45.0000    -92.0000
 45.0000    -91.0000
 45.0000    -90.0000
 45.0000    -89.0000
 45.0000    -88.0000
 45.0000    -87.0000
 45.0000    -86.0000
 45.0000    -85.0000
 45.0000    -84.0000
 45.0000    -83.0000
 45.0000    -82.0000
 45.0000    -81.0000
 45.0000    -80.0000
 45.0000    -79.0000
 45.0000    -78.0000
 45.0000    -77.0000
 45.0000    -76.0000
 45.0000    -75.0000
 45.0000    -74.0000
 45.0000    -73.0000
 45.0000    -72.0000
 45.0000    -71.0000
 45.0000    -70.0000
 46.0000   -125.0000
 46.0000   -124.0000
 46.0000   -123.0000
 46.0000   -122.0000
 46.0000   -121.0000
 46.0000   -120.0000
 46.0000   -119.0000
 46.0000   -118.0000
 46.0000   -117.0000
 46.0000   -116.0000
 46.0000   -115.0000
 46.0000   -114.0000
 46.0000   -113.0000
 46.0000   -112.0000
 46.0000   -111.0000
 46.0000   -110.0000
 46.0000   -109.0000
 46.0000   -108.0000
 46.0000   -107.0000
 46.0000   -106.0000
 46.0000   -105.0000
 46.0000   -104.0000
 46.0000   -103.0000
 46.0000   -102.0000
 46.0000   -101.0000
 46.0000   -100.0000
 46.0000    -99.0000
 46.0000    -98.0000
 46.0000    -97.0000
 46.0000    -96.0000
 46.0000    -95.0000
 46.0000    -94.0000
 46.0000    -93.0000
 46.0000    -92.0000
 46.0000    -91.0000
 46.0000    -90.0000
 46.0000    -89.0000
 46.0000    -88.0000
 46.0000    -87.0000
 46.0000    -86.0000
 46.0000    -85.0000
 46.0000    -84.0000
 46.0000    -83.0000
 46.0000    -82.0000
 46.0000    -81.0000
 46.0000    -80.0000
 46.0000    -79.0000
 46.0000    -78.0000
 46.0000    -77.0000
 46.0000    -76.0000
 46.0000    -75.0000
 46.0000    -74.0000
 46.0000    -73.0000
 46.0000    -72.0000
 46.0000    -71.0000
 46.0000    -70.0000
 47.0000   -125.0000
 47.0000   -124.0000
 47.0000   -123.0000
 47.0000   -122.0000
 47.0000   -121.0000
 47.0000   -120.0000
 47.0000   -119.0000
 47.0000   -118.0000
 47.0000   -117.0000
 47.0000   -116.0000
 47.0000   -115.0000
 47.0000   -114.0000
 47.0000   -113.0000
 47.0000   -112.0000
 47.0000   -111.0000
 47.0000   -110.0000
 47.0000   -109.0000
 47.0000   -108.0000
 47.0000   -107.0000
 47.0000   -106.0000
 47.0000   -105.0000
 47.0000   -104.0000
 47.0000   -103.0000
 47.0000   -102.0000
 47.0000   -101.0000
 47.0000   -100.0000
 47.0000    -99.0000
 47.0000    -98.0000
 47.0000    -97.0000
 47.0000    -96.0000
 47.0000    -95.0000
 47.0000    -94.0000
 47.0000    -93.0000
 47.0000    -92.0000
 47.0000    -91.0000
 47.0000    -90.0000
 47.0000    -89.0000
 47.0000    -88.0000
 47.0000    -87.0000
 47.0000    -86.0000
 47.0000    -85.0000
 47.0000    -84.0000
 47.0000    -83.0000
 47.0000    -82.0000
 47.0000    -81.0000
 47.0000    -80.0000
 47.0000    -79.0000
 47.0000    -78.0000
 47.0000    -77.0000
 47.0000    -76.0000
 47.0000    -75.0000
 47.0000    -74.0000
 47.0000    -73.0000
 47.0000    -72.0000
 47.0000    -71.0000
 47.0000    -70.0000
 48.0000   -125.0000
 48.0000   -124.0000
 48.0000   -123.0000
 48.0000   -122.0000
 48.0000   -121.0000
 48.0000   -120.0000
 48.0000   -119.0000
 48.0000   -118.0000
 48.0000   -117.0000
 48.0000   -116.0000
 48.0000   -115.0000
 48.0000   -114.0000
 48.0000   -113.0000
 48.0000   -112.0000
 48.0000   -111.0000
 48.0000   -110.0000
 48.0000   -109.0000
 48.0000   -108.0000
 48.0000   -107.0000
 48.0000   -106.0000
 48.0000   -105.0000
 48.0000   -104.0000
 48.0000   -103.0000
 48.0000   -102.0000
 48.0000   -101.0000
 48.0000   -100.0000
 48.0000    -99.0000
 48.0000    -98.0000
 48.0000    -97.0000
 48.0000    -96.0000
 48.0000    -95.0000
 48.0000    -94.0000
 48.0000    -93.0000
 48.0000    -92.0000
 48.0000    -91.0000
 48.0000    -90.0000
 48.0000    -89.0000
 48.0000    -88.0000
 48.0000    -87.0000
 48.0000    -86.0000
 48.0000    -85.0000
 48.0000    -84.0000
 48.0000    -83.0000
 48.0000    -82.0000
 48.0000    -81.0000
 48.0000    -80.0000
 48.0000    -79.0000
 48.0000    -78.0000
 48.0000    -77.0000
 48.0000    -76.0000
 48.0000    -75.0000
 48.0000    -74.0000
 48.0000    -73.0000
 48.0000    -72.0000
 48.0000    -71.0000
 48.0000    -70.0000
 49.0000   -125.0000
 49.0000   -124.0000
 49.0000   -123.0000
 49.0000   -122.0000
 49.0000   -121.0000
 49.0000   -120.0000
 49.0000   -119.0000
 49.0000   -118.0000
 49.0000   -117.0000
 49.0000   -116.0000
 49.0000   -115.0000
 49.0000   -114.0000
 49.0000   -113.0000
 49.0000   -112.0000
 49.0000   -111.0000
 49.0000   -110.0000
 49.0000   -109.0000
 49.0000   -108.0000
 49.0000   -107.0000
 49.0000   -106.0000
 49.0000   -105.0000
 49.0000   -104.0000
 49.0000   -103.0000
 49.0000   -102.0000
 49.0000   -101.0000
 49.0000   -100.0000
 49.0000    -99.0000
 49.0000    -98.0000
 49.0000    -97.0000
 49.0000    -96.0000
 49.0000    -95.0000
 49.0000    -94.0000
 49.0000    -93.0000
 49.0000    -92.0000
 49.0000    -91.0000
 49.0000    -90.0000
 49.0000    -89.0000
 49.0000    -88.0000
 49.0000    -87.0000
 49.0000    -86.0000
 49.0000    -85.0000
 49.0000    -84.0000
 49.0000    -83.0000
 49.0000    -82.0000
 49.0000    -81.0000
 49.0000    -80.0000
 49.0000    -79.0000
 49.0000    -78.0000
 49.0000    -77.0000
 49.0000    -76.0000
 49.0000    -75.0000
 49.0000    -74.0000
 49.0000    -73.0000
 49.0000    -72.0000
 49.0000    -71.0000
 49.0000    -70.0000
 50.0000   -125.0000
 50.0000   -124.0000
 50.0000   -123.0000
 50.0000   -122.0000
 50.0000   -121.0000
 50.0000   -120.0000
 50.0000   -119.0000
 50.0000   -118.0000
 50.0000   -117.0000
 50.0000   -116.0000
 50.0000   -115.0000
 50.0000   -114.0000
 50.0000   -113.0000
 50.0000   -112.0000
 50.0000   -111.0000
 50.0000   -110.0000
 50.0000   -109.0000
 50.0000   -108.0000
 50.0000   -107.0000
 50.0000   -106.0000
 50.0000   -105.0000
 50.0000   -104.0000
 50.0000   -103.0000
 50.0000   -102.0000
 50.0000   -101.0000
 50.0000   -100.0000
 50.0000    -99.0000
 50.0000    -98.0000
 50.0000    -97.0000
 50.0000    -96.0000
 50.0000    -95.0000
 50.0000    -94.0000
 50.0000    -93.0000
 50.0000    -92.0000
 50.0000    -91.0000
 50.0000    -90.0000
 50.0000    -89.0000
 50.0000    -88.0000
 50.0000    -87.0000
 50.0000    -86.0000
 50.0000    -85.0000
 50.0000    -84.0000
 50.0000    -83.0000
 50.0000    -82.0000
 50.0000    -81.0000
 50.0000    -80.0000
 50.0000    -79.0000
 50.0000    -78.0000
 50.0000    -77.0000
 50.0000    -76.0000
 50.0000    -75.0000
 50.0000    -74.0000
 50.0000    -73.0000
 50.0000    -72.0000
 50.0000    -71.0000
 50.0000    -70.0000
