   0.  -10.00000
     9.36304E-04   -10.7144
     1.87282E-03   -11.4287
     2.80955E-03   -12.1431
     3.74649E-03   -12.8569
     4.68364E-03   -13.5713
     5.62101E-03   -14.2856
     6.55859E-03   -15.0000
     6.55859E-03   -15.0000
     9.57363E-03   -16.8740
     1.25905E-02   -18.7485
     1.56091E-02   -20.6226
     1.86296E-02   -22.4966
     2.16519E-02   -24.3711
     2.16519E-02   -24.3711
     3.81754E-02   -32.3179
     5.45677E-02   -40.2651
     7.08290E-02   -48.2119
     8.69597E-02   -56.1592
     1.02960E-01   -64.1060
    0.118830   -72.0532
    0.134569   -80.0000
    0.134569   -80.0000
    0.155692   -90.7690
    0.176577  -101.5386
    0.197224   -112.308
    0.217636   -123.077
    0.237811   -133.846
    0.257752   -144.615
    0.277460   -155.385
    0.296934   -166.154
    0.316175   -176.923
    0.335185   -187.692
    0.353965   -198.461
    0.372514   -209.231
    0.390835   -220.000
    0.390835   -220.000
    0.412722   -230.588
    0.434723   -241.176
    0.456838   -251.765
    0.479070   -262.353
    0.501417   -272.941
    0.523882   -283.529
    0.546465   -294.118
    0.569166   -304.706
    0.591986   -315.294
    0.614926   -325.882
    0.637987   -336.471
    0.661170   -347.059
    0.684474   -357.647
    0.707902   -368.235
    0.731453   -378.824
    0.755129   -389.412
    0.778930   -400.000
    0.778930   -400.000
    0.806560   -411.765
    0.834507   -423.529
    0.862773   -435.294
    0.891361   -447.059
    0.920274   -458.824
    0.949515   -470.588
    0.979086   -482.353
     1.00899   -494.118
     1.03923   -505.882
     1.06981   -517.647
     1.10073   -529.412
     1.13200   -541.176
     1.16362   -552.941
     1.19559   -564.706
     1.22791   -576.471
     1.26059   -588.235
     1.29363   -600.000
     1.29363   -600.000
     1.32194   -610.000
     1.35040   -620.000
     1.37901   -630.000
     1.40776   -640.000
     1.43666   -650.000
     1.46571   -660.000
     1.49491   -670.000
     1.49491   -670.000
     1.53036   -681.222
     1.56618   -692.444
     1.60236   -703.667
     1.63891   -714.889
     1.67583   -726.111
     1.71313   -737.333
     1.75081   -748.556
     1.78887   -759.778
     1.82732   -771.000
     1.82732   -771.000
     1.88362   -787.281
     1.94037   -803.562
     1.99760   -819.843
     2.05531   -836.124
     2.11349   -852.405
     2.17215   -868.686
     2.23131   -884.967
     2.29095   -901.248
     2.35109   -917.529
     2.41173   -933.810
     2.47287   -950.091
     2.53453   -966.372
     2.59669   -982.653
     2.65938   -998.934
     2.72259   -1015.21
     2.78633   -1031.50
     2.85061   -1047.78
     2.91542   -1064.06
     2.98078   -1080.34
     3.04669   -1096.62
     3.11316   -1112.90
     3.18018   -1129.18
     3.24777   -1145.46
     3.31594   -1161.74
     3.38468   -1178.02
     3.45400   -1194.31
     3.52391   -1210.59
     3.59442   -1226.87
     3.66553   -1243.15
     3.73725   -1259.43
     3.80958   -1275.71
     3.88254   -1291.99
     3.95612   -1308.27
     4.03033   -1324.55
     4.10519   -1340.83
     4.18069   -1357.12
     4.25685   -1373.40
     4.33366   -1389.68
     4.41115   -1405.96
     4.48931   -1422.24
     4.56816   -1438.52
     4.64770   -1454.80
     4.72794   -1471.08
     4.80888   -1487.36
     4.89054   -1503.64
     4.97292   -1519.93
     5.05604   -1536.21
     5.13989   -1552.49
     5.22449   -1568.77
     5.30985   -1585.05
     5.39598   -1601.33
     5.48288   -1617.61
     5.57057   -1633.89
     5.65905   -1650.17
     5.74833   -1666.45
     5.83843   -1682.74
     5.92936   -1699.02
     6.02111   -1715.30
     6.11372   -1731.58
     6.20717   -1747.86
     6.30149   -1764.14
     6.39669   -1780.42
     6.49278   -1796.70
     6.58976   -1812.98
     6.68766   -1829.26
     6.78648   -1845.55
     6.88624   -1861.83
     6.98694   -1878.11
     7.08860   -1894.39
     7.19124   -1910.67
     7.29486   -1926.95
     7.39948   -1943.23
     7.50511   -1959.51
     7.61178   -1975.79
     7.71948   -1992.07
     7.82824   -2008.36
     7.93807   -2024.64
     8.04898   -2040.92
     8.16100   -2057.20
     8.27413   -2073.48
     8.38840   -2089.76
     8.50382   -2106.04
     8.62040   -2122.32
     8.73817   -2138.60
     8.85714   -2154.88
     8.97733   -2171.17
     9.09876   -2187.45
     9.22145   -2203.73
     9.34541   -2220.01
     9.47067   -2236.29
     9.59725   -2252.57
     9.72516   -2268.85
     9.85444   -2285.13
     9.98509   -2301.41
    10.11714   -2317.69
    10.25062   -2333.98
    10.38555   -2350.26
    10.52195   -2366.54
     10.6599   -2382.82
     10.7993   -2399.10
     10.9402   -2415.38
     11.0828   -2431.66
     11.2269   -2447.94
     11.3727   -2464.22
     11.5201   -2480.50
     11.6692   -2496.79
     11.8201   -2513.07
     11.9726   -2529.35
     12.1270   -2545.63
     12.2832   -2561.91
     12.4412   -2578.19
     12.6011   -2594.47
     12.7629   -2610.75
     12.9266   -2627.03
     13.0924   -2643.31
     13.2601   -2659.59
     13.4300   -2675.88
     13.6019   -2692.16
     13.7760   -2708.44
     13.9523   -2724.72
     14.1308   -2741.00
     14.1308   -2741.00
     14.3158   -2757.67
     14.5029   -2774.34
     14.6922   -2791.01
     14.8838   -2807.69
     15.0776   -2824.36
     15.2737   -2841.03
     15.4722   -2857.70
     15.6730   -2874.37
     15.8763   -2891.04
     15.8763   -2891.04
     16.1883   -2912.15
     16.5082   -2933.26
     16.8364   -2954.36
     17.1732   -2975.47
     17.5190   -2996.58
     17.8741   -3017.69
     18.2389   -3038.79
     18.6140   -3059.90
     18.9996   -3081.01
     19.3964   -3102.11
     19.8049   -3123.22
     20.2257   -3144.33
     20.6594   -3165.44
     21.1066   -3186.54
     21.5683   -3207.65
     22.0452   -3228.76
     22.5382   -3249.86
     23.0483   -3270.97
     23.5768   -3292.08
     24.1248   -3313.19
     24.6938   -3334.29
     25.2854   -3355.40
     25.9015   -3376.51
     26.5441   -3397.61
     27.2157   -3418.72
     27.9191   -3439.83
     28.6578   -3460.94
     29.4357   -3482.04
     29.6368   -3487.32
     29.8408   -3492.60
     30.0477   -3497.87
     30.2576   -3503.15
     30.4707   -3508.43
     30.6870   -3513.70
     30.9067   -3518.98
     31.1298   -3524.26
     31.3565   -3529.53
     31.5869   -3534.81
     31.8213   -3540.09
     32.0597   -3545.36
     32.3022   -3550.64
     32.5492   -3555.92
     32.8007   -3561.19
     33.0571   -3566.47
     33.3184   -3571.75
     33.5851   -3577.02
     33.8572   -3582.30
     34.1352   -3587.58
     34.4192   -3592.86
     34.7098   -3598.13
     35.0073   -3603.41
     35.3120   -3608.69
     35.6245   -3613.96
     35.9452   -3619.24
     36.2749   -3624.52
     36.6141   -3629.79
     36.9635   -3635.07
     37.3241   -3640.35
     37.6968   -3645.62
     38.0828   -3650.90
     38.4835   -3656.18
     38.9003   -3661.45
     39.3352   -3666.73
     39.7906   -3672.01
     40.2694   -3677.28
     40.7751   -3682.56
     41.3125   -3687.84
     41.8880   -3693.11
     42.5102   -3698.39
     43.1921   -3703.67
     43.9538   -3708.94
     44.8306   -3714.22
     45.8956   -3719.50
     47.3691   -3724.78
     49.9934   -3728.43
     49.9934   -3728.43
     52.6178   -3724.78
     54.0912   -3719.50
     55.1563   -3714.22
     56.0331   -3708.94
     56.7948   -3703.67
     57.4767   -3698.39
     58.0989   -3693.11
     58.6744   -3687.84
     59.2118   -3682.56
     59.7175   -3677.28
     60.1962   -3672.01
     60.6516   -3666.73
     61.0866   -3661.45
     61.5034   -3656.18
     61.9041   -3650.90
     62.2901   -3645.62
     62.6628   -3640.35
     63.0234   -3635.07
     63.3728   -3629.79
     63.7120   -3624.52
     64.0416   -3619.24
     64.3624   -3613.96
     64.6749   -3608.69
     64.9796   -3603.41
     65.2771   -3598.13
     65.5676   -3592.86
     65.8517   -3587.58
     66.1297   -3582.30
     66.4018   -3577.02
     66.6684   -3571.75
     66.9298   -3566.47
     67.1861   -3561.19
     67.4377   -3555.92
     67.6847   -3550.64
     67.9272   -3545.36
     68.1656   -3540.09
     68.3999   -3534.81
     68.6304   -3529.53
     68.8571   -3524.26
     69.0802   -3518.98
     69.2999   -3513.70
     69.5162   -3508.43
     69.7292   -3503.15
     69.9392   -3497.87
     70.1461   -3492.60
     70.3501   -3487.32
     70.5512   -3482.04
     71.3291   -3460.94
     72.0678   -3439.83
     72.7712   -3418.72
     73.4428   -3397.61
     74.0854   -3376.51
     74.7015   -3355.40
     75.2931   -3334.29
     75.8621   -3313.19
     76.4101   -3292.08
     76.9386   -3270.97
     77.4487   -3249.86
     77.9417   -3228.76
     78.4186   -3207.65
     78.8802   -3186.54
     79.3275   -3165.44
     79.7612   -3144.33
     80.1820   -3123.22
     80.5905   -3102.11
     80.9873   -3081.01
     81.3729   -3059.90
     81.7479   -3038.79
     82.1128   -3017.69
     82.4679   -2996.58
     82.8137   -2975.47
     83.1505   -2954.36
     83.4787   -2933.26
     83.7986   -2912.15
     84.1106   -2891.04
     84.1106   -2891.04
     84.3139   -2874.37
     84.5147   -2857.70
     84.7132   -2841.03
     84.9093   -2824.36
     85.1031   -2807.69
     85.2946   -2791.01
     85.4840   -2774.34
     85.6711   -2757.67
     85.8561   -2741.00
     85.8561   -2741.00
     86.0346   -2724.72
     86.2109   -2708.44
     86.3850   -2692.16
     86.5569   -2675.88
     86.7268   -2659.59
     86.8945   -2643.31
     87.0603   -2627.03
     87.2240   -2610.75
     87.3858   -2594.47
     87.5457   -2578.19
     87.7037   -2561.91
     87.8599   -2545.63
     88.0143   -2529.35
     88.1668   -2513.07
     88.3177   -2496.79
     88.4668   -2480.50
     88.6142   -2464.22
     88.7600   -2447.94
     88.9041   -2431.66
     89.0467   -2415.38
     89.1876   -2399.10
     89.3270   -2382.82
     89.4649   -2366.54
     89.6013   -2350.26
     89.7363   -2333.98
     89.8698   -2317.69
     90.0018   -2301.41
     90.1325   -2285.13
     90.2617   -2268.85
     90.3896   -2252.57
     90.5162   -2236.29
     90.6415   -2220.01
     90.7654   -2203.73
     90.8881   -2187.45
     91.0096   -2171.17
     91.1298   -2154.88
     91.2487   -2138.60
     91.3665   -2122.32
     91.4831   -2106.04
     91.5985   -2089.76
     91.7128   -2073.48
     91.8259   -2057.20
     91.9379   -2040.92
     92.0488   -2024.64
     92.1587   -2008.36
     92.2674   -1992.07
     92.3751   -1975.79
     92.4818   -1959.51
     92.5874   -1943.23
     92.6920   -1926.95
     92.7957   -1910.67
     92.8983   -1894.39
     93.0000   -1878.11
     93.1007   -1861.83
     93.2004   -1845.55
     93.2992   -1829.26
     93.3971   -1812.98
     93.4941   -1796.70
     93.5902   -1780.42
     93.6854   -1764.14
     93.7797   -1747.86
     93.8732   -1731.58
     93.9658   -1715.30
     94.0575   -1699.02
     94.1485   -1682.74
     94.2386   -1666.45
     94.3278   -1650.17
     94.4163   -1633.89
     94.5040   -1617.61
     94.5909   -1601.33
     94.6770   -1585.05
     94.7624   -1568.77
     94.8470   -1552.49
     94.9309   -1536.21
     95.0140   -1519.93
     95.0964   -1503.64
     95.1780   -1487.36
     95.2590   -1471.08
     95.3392   -1454.80
     95.4187   -1438.52
     95.4976   -1422.24
     95.5757   -1405.96
     95.6532   -1389.68
     95.7300   -1373.40
     95.8062   -1357.12
     95.8817   -1340.83
     95.9566   -1324.55
     96.0308   -1308.27
     96.1044   -1291.99
     96.1773   -1275.71
     96.2496   -1259.43
     96.3214   -1243.15
     96.3925   -1226.87
     96.4630   -1210.59
     96.5329   -1194.31
     96.6022   -1178.02
     96.6710   -1161.74
     96.7391   -1145.46
     96.8067   -1129.18
     96.8737   -1112.90
     96.9402   -1096.62
     97.0061   -1080.34
     97.0715   -1064.06
     97.1363   -1047.78
     97.2006   -1031.50
     97.2643   -1015.21
     97.3275   -998.934
     97.3902   -982.653
     97.4524   -966.372
     97.5140   -950.091
     97.5752   -933.810
     97.6358   -917.529
     97.6959   -901.248
     97.7556   -884.967
     97.8147   -868.686
     97.8734   -852.405
     97.9316   -836.124
     97.9893   -819.843
     98.0465   -803.562
     98.1033   -787.281
     98.1596   -771.000
     98.1596   -771.000
     98.1980   -759.778
     98.2361   -748.556
     98.2738   -737.333
     98.3111   -726.111
     98.3480   -714.889
     98.3845   -703.667
     98.4207   -692.444
     98.4565   -681.222
     98.4920   -670.000
     98.4920   -670.000
     98.5212   -660.000
     98.5502   -650.000
     98.5791   -640.000
     98.6079   -630.000
     98.6365   -620.000
     98.6650   -610.000
     98.6933   -600.000
     98.6933   -600.000
     98.7263   -588.235
     98.7590   -576.471
     98.7913   -564.706
     98.8233   -552.941
     98.8549   -541.176
     98.8862   -529.412
     98.9171   -517.647
     98.9477   -505.882
     98.9779   -494.118
     99.0078   -482.353
     99.0374   -470.588
     99.0666   -458.824
     99.0955   -447.059
     99.1241   -435.294
     99.1524   -423.529
     99.1803   -411.765
     99.2080   -400.000
     99.2080   -400.000
     99.2318   -389.412
     99.2554   -378.824
     99.2790   -368.235
     99.3024   -357.647
     99.3257   -347.059
     99.3489   -336.471
     99.3720   -325.882
     99.3949   -315.294
     99.4177   -304.706
     99.4404   -294.118
     99.4630   -283.529
     99.4855   -272.941
     99.5078   -262.353
     99.5301   -251.765
     99.5522   -241.176
     99.5742   -230.588
     99.5961   -220.000
     99.5961   -220.000
     99.6144   -209.231
     99.6329   -198.461
     99.6517   -187.692
     99.6707   -176.923
     99.6900   -166.154
     99.7094   -155.385
     99.7291   -144.615
     99.7491   -133.846
     99.7693   -123.077
     99.7897   -112.308
     99.8103  -101.5386
     99.8312   -90.7690
     99.8523   -80.0000
     99.8523   -80.0000
     99.8681   -72.0532
     99.8839   -64.1060
     99.8999   -56.1592
     99.9161   -48.2119
     99.9323   -40.2651
     99.9487   -32.3179
     99.9652   -24.3711
     99.9652   -24.3711
     99.9683   -22.4966
     99.9713   -20.6226
     99.9743   -18.7485
     99.9773   -16.8740
     99.9803   -15.0000
     99.9803   -15.0000
     99.9831   -12.8569
     99.9860   -10.7144
     99.9888   -8.57129
     99.9916   -6.42871
     99.9944   -4.28564
     99.9972   -2.14307
    100.0000  0.
