#PATH:    0.000    0.000   10.000    0.000  100.000
#MODEL:/home/chaos/ekstrom/NSW/CAGCRAYS/test/NOH2O.RAYS
#IFANI: 1
#IFSH: 0
#PHASE:SKS
#TTPARA:   100.00000     4.99576  1463.27100   -11.80978     4.50864
#START#
    1  3   0  6361.000     0.000     0.000     0.000     0.000
    2  3   0  6360.286     0.001     0.000     0.000     0.226
    3  3   0  6359.571     0.002     0.000     0.002     0.451
    4  3   0  6358.857     0.003     0.000     0.003     0.677
    5  3   0  6358.143     0.004     0.000     0.004     0.902
    6  3   0  6357.429     0.005     0.000     0.005     1.128
    7  3   0  6356.714     0.006     0.000     0.006     1.353
    8  3   0  6356.000     0.007     0.000     0.007     1.579
    9  3   0  6356.000     0.007     0.000     0.007     1.579
   10  3   0  6354.126     0.010     0.000     0.010     2.067
   11  3   0  6352.251     0.013     0.000     0.013     2.555
   12  3   0  6350.377     0.016     0.000     0.016     3.043
   13  3   0  6348.503     0.019     0.000     0.019     3.532
   14  3   0  6346.629     0.022     0.000     0.022     4.020
   15  3   0  6346.629     0.022     0.000     0.022     4.020
   16  3   0  6338.682     0.038     0.000     0.038     5.869
   17  3   0  6330.735     0.055     0.000     0.055     7.717
   18  3   0  6322.788     0.071     0.000     0.071     9.563
   19  3   0  6314.841     0.087     0.000     0.087    11.409
   20  3   0  6306.894     0.103     0.000     0.103    13.254
   21  3   0  6298.947     0.119     0.000     0.119    15.097
   22  3   0  6291.000     0.135     0.000     0.135    16.940
   23  3   0  6291.000     0.135     0.000     0.135    16.940
   24  3   0  6280.231     0.156     0.000     0.156    19.435
   25  3   0  6269.461     0.177     0.000     0.177    21.928
   26  3   0  6258.692     0.197     0.000     0.197    24.420
   27  3   0  6247.923     0.218     0.000     0.218    26.909
   28  3   0  6237.154     0.238     0.000     0.238    29.396
   29  3   0  6226.385     0.258     0.000     0.258    31.882
   30  3   0  6215.615     0.277     0.000     0.277    34.365
   31  3   0  6204.846     0.297     0.000     0.297    36.847
   32  3   0  6194.077     0.316     0.000     0.316    39.327
   33  3   0  6183.308     0.335     0.000     0.335    41.805
   34  3   0  6172.539     0.354     0.000     0.354    44.281
   35  3   0  6161.769     0.373     0.000     0.373    46.755
   36  3   0  6151.000     0.391     0.000     0.391    49.227
   37  3   0  6151.000     0.391     0.000     0.391    49.227
   38  3   0  6140.412     0.413     0.000     0.413    51.560
   39  3   0  6129.824     0.435     0.000     0.435    53.890
   40  3   0  6119.235     0.457     0.000     0.457    56.217
   41  3   0  6108.647     0.479     0.000     0.479    58.541
   42  3   0  6098.059     0.501     0.000     0.501    60.861
   43  3   0  6087.471     0.524     0.000     0.524    63.178
   44  3   0  6076.882     0.546     0.000     0.546    65.492
   45  3   0  6066.294     0.569     0.000     0.569    67.802
   46  3   0  6055.706     0.592     0.000     0.592    70.110
   47  3   0  6045.118     0.615     0.000     0.615    72.414
   48  3   0  6034.529     0.638     0.000     0.638    74.714
   49  3   0  6023.941     0.661     0.000     0.661    77.012
   50  3   0  6013.353     0.684     0.000     0.684    79.306
   51  3   0  6002.765     0.708     0.000     0.708    81.598
   52  3   0  5992.176     0.731     0.000     0.731    83.886
   53  3   0  5981.588     0.755     0.000     0.755    86.171
   54  3   0  5971.000     0.779     0.000     0.779    88.452
   55  3   0  5971.000     0.779     0.000     0.779    88.452
   56  3   0  5959.235     0.807     0.000     0.807    90.899
   57  3   0  5947.471     0.835     0.000     0.835    93.331
   58  3   0  5935.706     0.863     0.000     0.863    95.747
   59  3   0  5923.941     0.891     0.000     0.891    98.148
   60  3   0  5912.176     0.920     0.000     0.920   100.534
   61  3   0  5900.412     0.950     0.000     0.950   102.905
   62  3   0  5888.647     0.979     0.000     0.979   105.262
   63  3   0  5876.882     1.009     0.000     1.009   107.605
   64  3   0  5865.118     1.039     0.000     1.039   109.934
   65  3   0  5853.353     1.070     0.000     1.070   112.248
   66  3   0  5841.588     1.101     0.000     1.101   114.550
   67  3   0  5829.824     1.132     0.000     1.132   116.838
   68  3   0  5818.059     1.164     0.000     1.164   119.112
   69  3   0  5806.294     1.196     0.000     1.196   121.374
   70  3   0  5794.529     1.228     0.000     1.228   123.623
   71  3   0  5782.765     1.261     0.000     1.261   125.859
   72  3   0  5771.000     1.294     0.000     1.294   128.082
   73  3   0  5771.000     1.294     0.000     1.294   128.082
   74  3   0  5761.000     1.322     0.000     1.322   129.966
   75  3   0  5751.000     1.350     0.000     1.350   131.848
   76  3   0  5741.000     1.379     0.000     1.379   133.727
   77  3   0  5731.000     1.408     0.000     1.408   135.604
   78  3   0  5721.000     1.437     0.000     1.437   137.480
   79  3   0  5711.000     1.466     0.000     1.466   139.353
   80  3   0  5701.000     1.495     0.000     1.495   141.224
   81  3   0  5701.000     1.495     0.000     1.495   141.224
   82  3   0  5689.778     1.530     0.000     1.530   143.197
   83  3   0  5678.556     1.566     0.000     1.566   145.161
   84  3   0  5667.333     1.602     0.000     1.602   147.115
   85  3   0  5656.111     1.639     0.000     1.639   149.060
   86  3   0  5644.889     1.676     0.000     1.676   150.997
   87  3   0  5633.667     1.713     0.000     1.713   152.924
   88  3   0  5622.444     1.751     0.000     1.751   154.843
   89  3   0  5611.222     1.789     0.000     1.789   156.754
   90  3   0  5600.000     1.827     0.000     1.827   158.655
   91  3   0  5600.000     1.827     0.000     1.827   158.655
   92  3   0  5583.719     1.884     0.000     1.884   161.406
   93  3   0  5567.438     1.940     0.000     1.940   164.153
   94  3   0  5551.157     1.998     0.000     1.998   166.897
   95  3   0  5534.876     2.055     0.000     2.055   169.637
   96  3   0  5518.595     2.113     0.000     2.113   172.374
   97  3   0  5502.314     2.172     0.000     2.172   175.108
   98  3   0  5486.033     2.231     0.000     2.231   177.838
   99  3   0  5469.752     2.291     0.000     2.291   180.565
  100  3   0  5453.471     2.351     0.000     2.351   183.288
  101  3   0  5437.190     2.412     0.000     2.412   186.009
  102  3   0  5420.909     2.473     0.000     2.473   188.727
  103  3   0  5404.628     2.535     0.000     2.535   191.441
  104  3   0  5388.347     2.597     0.000     2.597   194.153
  105  3   0  5372.066     2.659     0.000     2.659   196.862
  106  3   0  5355.785     2.723     0.000     2.723   199.568
  107  3   0  5339.504     2.786     0.000     2.786   202.271
  108  3   0  5323.223     2.851     0.000     2.851   204.972
  109  3   0  5306.942     2.915     0.000     2.915   207.670
  110  3   0  5290.661     2.981     0.000     2.981   210.365
  111  3   0  5274.380     3.047     0.000     3.047   213.058
  112  3   0  5258.099     3.113     0.000     3.113   215.749
  113  3   0  5241.818     3.180     0.000     3.180   218.437
  114  3   0  5225.537     3.248     0.000     3.248   221.123
  115  3   0  5209.256     3.316     0.000     3.316   223.806
  116  3   0  5192.975     3.385     0.000     3.385   226.487
  117  3   0  5176.694     3.454     0.000     3.454   229.166
  118  3   0  5160.413     3.524     0.000     3.524   231.843
  119  3   0  5144.132     3.594     0.000     3.594   234.518
  120  3   0  5127.851     3.666     0.000     3.666   237.191
  121  3   0  5111.570     3.737     0.000     3.737   239.861
  122  3   0  5095.289     3.810     0.000     3.810   242.530
  123  3   0  5079.008     3.883     0.000     3.883   245.197
  124  3   0  5062.727     3.956     0.000     3.956   247.863
  125  3   0  5046.446     4.030     0.000     4.030   250.526
  126  3   0  5030.166     4.105     0.000     4.105   253.188
  127  3   0  5013.884     4.181     0.000     4.181   255.848
  128  3   0  4997.604     4.257     0.000     4.257   258.507
  129  3   0  4981.322     4.334     0.000     4.334   261.164
  130  3   0  4965.042     4.411     0.000     4.411   263.819
  131  3   0  4948.760     4.489     0.000     4.489   266.473
  132  3   0  4932.479     4.568     0.000     4.568   269.126
  133  3   0  4916.198     4.648     0.000     4.648   271.777
  134  3   0  4899.917     4.728     0.000     4.728   274.427
  135  3   0  4883.636     4.809     0.000     4.809   277.076
  136  3   0  4867.355     4.891     0.000     4.891   279.723
  137  3   0  4851.074     4.973     0.000     4.973   282.370
  138  3   0  4834.793     5.056     0.000     5.056   285.015
  139  3   0  4818.512     5.140     0.000     5.140   287.659
  140  3   0  4802.231     5.224     0.000     5.224   290.302
  141  3   0  4785.950     5.310     0.000     5.310   292.945
  142  3   0  4769.669     5.396     0.000     5.396   295.586
  143  3   0  4753.389     5.483     0.000     5.483   298.227
  144  3   0  4737.107     5.571     0.000     5.571   300.866
  145  3   0  4720.827     5.659     0.000     5.659   303.505
  146  3   0  4704.545     5.748     0.000     5.748   306.144
  147  3   0  4688.265     5.838     0.000     5.838   308.781
  148  3   0  4671.983     5.929     0.000     5.929   311.418
  149  3   0  4655.703     6.021     0.000     6.021   314.055
  150  3   0  4639.421     6.114     0.000     6.114   316.691
  151  3   0  4623.141     6.207     0.000     6.207   319.327
  152  3   0  4606.859     6.301     0.000     6.301   321.962
  153  3   0  4590.579     6.397     0.000     6.397   324.597
  154  3   0  4574.297     6.493     0.000     6.493   327.231
  155  3   0  4558.017     6.590     0.000     6.590   329.865
  156  3   0  4541.735     6.688     0.000     6.688   332.500
  157  3   0  4525.455     6.786     0.000     6.786   335.134
  158  3   0  4509.173     6.886     0.000     6.886   337.768
  159  3   0  4492.893     6.987     0.000     6.987   340.401
  160  3   0  4476.611     7.089     0.000     7.089   343.035
  161  3   0  4460.331     7.191     0.000     7.191   345.669
  162  3   0  4444.050     7.295     0.000     7.295   348.303
  163  3   0  4427.769     7.399     0.000     7.399   350.938
  164  3   0  4411.488     7.505     0.000     7.505   353.572
  165  3   0  4395.207     7.612     0.000     7.612   356.207
  166  3   0  4378.926     7.719     0.000     7.719   358.843
  167  3   0  4362.645     7.828     0.000     7.828   361.478
  168  3   0  4346.364     7.938     0.000     7.938   364.114
  169  3   0  4330.083     8.049     0.000     8.049   366.751
  170  3   0  4313.802     8.161     0.000     8.161   369.388
  171  3   0  4297.521     8.274     0.000     8.274   372.026
  172  3   0  4281.240     8.388     0.000     8.388   374.665
  173  3   0  4264.958     8.504     0.000     8.504   377.304
  174  3   0  4248.678     8.620     0.000     8.620   379.944
  175  3   0  4232.396     8.738     0.000     8.738   382.585
  176  3   0  4216.116     8.857     0.000     8.857   385.227
  177  3   0  4199.834     8.977     0.000     8.977   387.871
  178  3   0  4183.554     9.099     0.000     9.099   390.515
  179  3   0  4167.273     9.221     0.000     9.221   393.160
  180  3   0  4150.992     9.345     0.000     9.345   395.807
  181  3   0  4134.711     9.471     0.000     9.471   398.454
  182  3   0  4118.430     9.597     0.000     9.597   401.104
  183  3   0  4102.149     9.725     0.000     9.725   403.754
  184  3   0  4085.868     9.854     0.000     9.854   406.406
  185  3   0  4069.587     9.985     0.000     9.985   409.060
  186  3   0  4053.306    10.117     0.000    10.117   411.716
  187  3   0  4037.025    10.251     0.000    10.251   414.373
  188  3   0  4020.744    10.386     0.000    10.386   417.032
  189  3   0  4004.463    10.522     0.000    10.522   419.693
  190  3   0  3988.182    10.660     0.000    10.660   422.355
  191  3   0  3971.901    10.799     0.000    10.799   425.020
  192  3   0  3955.620    10.940     0.000    10.940   427.687
  193  3   0  3939.339    11.083     0.000    11.083   430.357
  194  3   0  3923.058    11.227     0.000    11.227   433.028
  195  3   0  3906.777    11.373     0.000    11.373   435.702
  196  3   0  3890.496    11.520     0.000    11.520   438.379
  197  3   0  3874.215    11.669     0.000    11.669   441.058
  198  3   0  3857.934    11.820     0.000    11.820   443.740
  199  3   0  3841.653    11.973     0.000    11.973   446.424
  200  3   0  3825.372    12.127     0.000    12.127   449.112
  201  3   0  3809.091    12.283     0.000    12.283   451.803
  202  3   0  3792.810    12.441     0.000    12.441   454.496
  203  3   0  3776.529    12.601     0.000    12.601   457.193
  204  3   0  3760.248    12.763     0.000    12.763   459.894
  205  3   0  3743.967    12.927     0.000    12.927   462.597
  206  3   0  3727.686    13.092     0.000    13.092   465.305
  207  3   0  3711.405    13.260     0.000    13.260   468.016
  208  3   0  3695.124    13.430     0.000    13.430   470.731
  209  3   0  3678.843    13.602     0.000    13.602   473.450
  210  3   0  3662.562    13.776     0.000    13.776   476.173
  211  3   0  3646.281    13.952     0.000    13.952   478.900
  212  3   0  3630.000    14.131     0.000    14.131   481.632
  213  3   0  3630.000    14.131     0.000    14.131   481.632
  214  3   0  3613.329    14.316     0.000    14.316   484.434
  215  3   0  3596.657    14.503     0.000    14.503   487.243
  216  3   0  3579.986    14.692     0.000    14.692   490.059
  217  3   0  3563.315    14.884     0.000    14.884   492.881
  218  3   0  3546.643    15.078     0.000    15.078   495.711
  219  3   0  3529.972    15.274     0.000    15.274   498.547
  220  3   0  3513.301    15.472     0.000    15.472   501.390
  221  3   0  3496.629    15.673     0.000    15.673   504.241
  222  3   0  3479.958    15.876     0.000    15.876   507.099
  223  2   0  3479.958    15.876     0.000    15.876   507.099
  224  2   0  3458.851    16.188     0.000    16.188   510.603
  225  2   0  3437.744    16.508     0.000    16.508   514.122
  226  2   0  3416.636    16.836     0.000    16.836   517.657
  227  2   0  3395.529    17.173     0.000    17.173   521.210
  228  2   0  3374.422    17.519     0.000    17.519   524.782
  229  2   0  3353.315    17.874     0.000    17.874   528.374
  230  2   0  3332.208    18.239     0.000    18.239   531.989
  231  2   0  3311.101    18.614     0.000    18.614   535.628
  232  2   0  3289.993    19.000     0.000    19.000   539.294
  233  2   0  3268.886    19.396     0.000    19.396   542.989
  234  2   0  3247.779    19.805     0.000    19.805   546.714
  235  2   0  3226.672    20.226     0.000    20.226   550.474
  236  2   0  3205.565    20.659     0.000    20.659   554.269
  237  2   0  3184.458    21.107     0.000    21.107   558.104
  238  2   0  3163.351    21.568     0.000    21.568   561.981
  239  2   0  3142.243    22.045     0.000    22.045   565.905
  240  2   0  3121.136    22.538     0.000    22.538   569.879
  241  2   0  3100.029    23.048     0.000    23.048   573.908
  242  2   0  3078.922    23.577     0.000    23.577   577.997
  243  2   0  3057.815    24.125     0.000    24.125   582.151
  244  2   0  3036.708    24.694     0.000    24.694   586.376
  245  2   0  3015.600    25.285     0.000    25.285   590.681
  246  2   0  2994.493    25.901     0.000    25.901   595.072
  247  2   0  2973.386    26.544     0.000    26.544   599.559
  248  2   0  2952.279    27.216     0.000    27.216   604.154
  249  2   0  2931.172    27.919     0.000    27.919   608.869
  250  2   0  2910.064    28.658     0.000    28.658   613.719
  251  2   0  2888.957    29.436     0.000    29.436   618.722
  252  2   0  2883.680    29.637     0.000    29.637   619.999
  253  2   0  2878.404    29.841     0.000    29.841   621.288
  254  2   0  2873.127    30.048     0.000    30.048   622.589
  255  2   0  2867.850    30.258     0.000    30.258   623.902
  256  2   0  2862.573    30.471     0.000    30.471   625.227
  257  2   0  2857.297    30.687     0.000    30.687   626.566
  258  2   0  2852.020    30.907     0.000    30.907   627.918
  259  2   0  2846.743    31.130     0.000    31.130   629.285
  260  2   0  2841.466    31.356     0.000    31.356   630.667
  261  2   0  2836.189    31.587     0.000    31.587   632.064
  262  2   0  2830.913    31.821     0.000    31.821   633.477
  263  2   0  2825.636    32.060     0.000    32.060   634.907
  264  2   0  2820.359    32.302     0.000    32.302   636.356
  265  2   0  2815.082    32.549     0.000    32.549   637.822
  266  2   0  2809.805    32.801     0.000    32.801   639.308
  267  2   0  2804.529    33.057     0.000    33.057   640.815
  268  2   0  2799.252    33.318     0.000    33.318   642.343
  269  2   0  2793.975    33.585     0.000    33.585   643.894
  270  2   0  2788.698    33.857     0.000    33.857   645.469
  271  2   0  2783.421    34.135     0.000    34.135   647.069
  272  2   0  2778.145    34.419     0.000    34.419   648.697
  273  2   0  2772.868    34.710     0.000    34.710   650.352
  274  2   0  2767.591    35.007     0.000    35.007   652.038
  275  2   0  2762.314    35.312     0.000    35.312   653.757
  276  2   0  2757.038    35.624     0.000    35.624   655.510
  277  2   0  2751.761    35.945     0.000    35.945   657.300
  278  2   0  2746.484    36.275     0.000    36.275   659.130
  279  2   0  2741.207    36.614     0.000    36.614   661.003
  280  2   0  2735.930    36.964     0.000    36.964   662.923
  281  2   0  2730.654    37.324     0.000    37.324   664.894
  282  2   0  2725.377    37.697     0.000    37.697   666.921
  283  2   0  2720.100    38.083     0.000    38.083   669.009
  284  2   0  2714.823    38.483     0.000    38.483   671.165
  285  2   0  2709.546    38.900     0.000    38.900   673.396
  286  2   0  2704.270    39.335     0.000    39.335   675.712
  287  2   0  2698.993    39.791     0.000    39.791   678.125
  288  2   0  2693.716    40.269     0.000    40.269   680.648
  289  2   0  2688.439    40.775     0.000    40.775   683.299
  290  2   0  2683.162    41.313     0.000    41.313   686.101
  291  2   0  2677.885    41.888     0.000    41.888   689.087
  292  2   0  2672.609    42.510     0.000    42.510   692.298
  293  2   0  2667.332    43.192     0.000    43.192   695.798
  294  2   0  2662.055    43.954     0.000    43.954   699.688
  295  2   0  2656.778    44.831     0.000    44.831   704.142
  296  2   0  2651.502    45.896     0.000    45.896   709.524
  297  2   0  2646.225    47.369     0.000    47.369   716.930
  298  2   0  2642.568    49.993     0.000    49.993   730.057
  299 -2   0  2642.568    49.993     0.000    49.993   730.057
  300 -2   0  2646.225    52.618     0.000    52.618   743.183
  301 -2   0  2651.502    54.091     0.000    54.091   750.589
  302 -2   0  2656.778    55.156     0.000    55.156   755.971
  303 -2   0  2662.055    56.033     0.000    56.033   760.425
  304 -2   0  2667.332    56.795     0.000    56.795   764.315
  305 -2   0  2672.609    57.477     0.000    57.477   767.815
  306 -2   0  2677.885    58.099     0.000    58.099   771.026
  307 -2   0  2683.162    58.674     0.000    58.674   774.012
  308 -2   0  2688.439    59.212     0.000    59.212   776.814
  309 -2   0  2693.716    59.718     0.000    59.718   779.465
  310 -2   0  2698.993    60.196     0.000    60.196   781.988
  311 -2   0  2704.270    60.652     0.000    60.652   784.401
  312 -2   0  2709.546    61.087     0.000    61.087   786.717
  313 -2   0  2714.823    61.503     0.000    61.503   788.948
  314 -2   0  2720.100    61.904     0.000    61.904   791.104
  315 -2   0  2725.377    62.290     0.000    62.290   793.192
  316 -2   0  2730.654    62.663     0.000    62.663   795.219
  317 -2   0  2735.930    63.023     0.000    63.023   797.190
  318 -2   0  2741.207    63.373     0.000    63.373   799.110
  319 -2   0  2746.484    63.712     0.000    63.712   800.983
  320 -2   0  2751.761    64.042     0.000    64.042   802.813
  321 -2   0  2757.038    64.362     0.000    64.362   804.603
  322 -2   0  2762.314    64.675     0.000    64.675   806.356
  323 -2   0  2767.591    64.980     0.000    64.980   808.075
  324 -2   0  2772.868    65.277     0.000    65.277   809.761
  325 -2   0  2778.145    65.568     0.000    65.568   811.416
  326 -2   0  2783.421    65.852     0.000    65.852   813.044
  327 -2   0  2788.698    66.130     0.000    66.130   814.644
  328 -2   0  2793.975    66.402     0.000    66.402   816.219
  329 -2   0  2799.252    66.668     0.000    66.668   817.770
  330 -2   0  2804.529    66.930     0.000    66.930   819.298
  331 -2   0  2809.805    67.186     0.000    67.186   820.805
  332 -2   0  2815.082    67.438     0.000    67.438   822.291
  333 -2   0  2820.359    67.685     0.000    67.685   823.758
  334 -2   0  2825.636    67.927     0.000    67.927   825.206
  335 -2   0  2830.913    68.166     0.000    68.166   826.636
  336 -2   0  2836.189    68.400     0.000    68.400   828.049
  337 -2   0  2841.466    68.630     0.000    68.630   829.446
  338 -2   0  2846.743    68.857     0.000    68.857   830.828
  339 -2   0  2852.020    69.080     0.000    69.080   832.195
  340 -2   0  2857.297    69.300     0.000    69.300   833.547
  341 -2   0  2862.573    69.516     0.000    69.516   834.886
  342 -2   0  2867.850    69.729     0.000    69.729   836.211
  343 -2   0  2873.127    69.939     0.000    69.939   837.524
  344 -2   0  2878.404    70.146     0.000    70.146   838.825
  345 -2   0  2883.680    70.350     0.000    70.350   840.114
  346 -2   0  2888.957    70.551     0.000    70.551   841.391
  347 -2   0  2910.064    71.329     0.000    71.329   846.395
  348 -2   0  2931.172    72.068     0.000    72.068   851.245
  349 -2   0  2952.279    72.771     0.000    72.771   855.959
  350 -2   0  2973.386    73.443     0.000    73.443   860.554
  351 -2   0  2994.493    74.085     0.000    74.085   865.041
  352 -2   0  3015.600    74.701     0.000    74.701   869.432
  353 -2   0  3036.708    75.293     0.000    75.293   873.737
  354 -2   0  3057.815    75.862     0.000    75.862   877.962
  355 -2   0  3078.922    76.410     0.000    76.410   882.116
  356 -2   0  3100.029    76.939     0.000    76.939   886.205
  357 -2   0  3121.136    77.449     0.000    77.449   890.234
  358 -2   0  3142.243    77.942     0.000    77.942   894.208
  359 -2   0  3163.351    78.419     0.000    78.419   898.132
  360 -2   0  3184.458    78.880     0.000    78.880   902.009
  361 -2   0  3205.565    79.328     0.000    79.328   905.844
  362 -2   0  3226.672    79.761     0.000    79.761   909.640
  363 -2   0  3247.779    80.182     0.000    80.182   913.399
  364 -2   0  3268.886    80.590     0.000    80.590   917.124
  365 -2   0  3289.993    80.987     0.000    80.987   920.819
  366 -2   0  3311.101    81.373     0.000    81.373   924.485
  367 -2   0  3332.208    81.748     0.000    81.748   928.124
  368 -2   0  3353.315    82.113     0.000    82.113   931.739
  369 -2   0  3374.422    82.468     0.000    82.468   935.331
  370 -2   0  3395.529    82.814     0.000    82.814   938.903
  371 -2   0  3416.636    83.150     0.000    83.150   942.456
  372 -2   0  3437.744    83.479     0.000    83.479   945.991
  373 -2   0  3458.851    83.799     0.000    83.799   949.510
  374 -2   0  3479.958    84.111     0.000    84.111   953.014
  375 -3   0  3479.958    84.111     0.000    84.111   953.014
  376 -3   0  3496.629    84.314     0.000    84.314   955.872
  377 -3   0  3513.301    84.515     0.000    84.515   958.723
  378 -3   0  3529.972    84.713     0.000    84.713   961.566
  379 -3   0  3546.643    84.909     0.000    84.909   964.403
  380 -3   0  3563.315    85.103     0.000    85.103   967.232
  381 -3   0  3579.986    85.295     0.000    85.295   970.054
  382 -3   0  3596.657    85.484     0.000    85.484   972.870
  383 -3   0  3613.329    85.671     0.000    85.671   975.679
  384 -3   0  3630.000    85.856     0.000    85.856   978.482
  385 -3   0  3630.000    85.856     0.000    85.856   978.482
  386 -3   0  3646.281    86.035     0.000    86.035   981.213
  387 -3   0  3662.562    86.211     0.000    86.211   983.940
  388 -3   0  3678.843    86.385     0.000    86.385   986.664
  389 -3   0  3695.124    86.557     0.000    86.557   989.382
  390 -3   0  3711.405    86.727     0.000    86.727   992.097
  391 -3   0  3727.686    86.895     0.000    86.895   994.808
  392 -3   0  3743.967    87.060     0.000    87.060   997.516
  393 -3   0  3760.248    87.224     0.000    87.224  1000.220
  394 -3   0  3776.529    87.386     0.000    87.386  1002.920
  395 -3   0  3792.810    87.546     0.000    87.546  1005.617
  396 -3   0  3809.091    87.704     0.000    87.704  1008.310
  397 -3   0  3825.372    87.860     0.000    87.860  1011.001
  398 -3   0  3841.653    88.014     0.000    88.014  1013.689
  399 -3   0  3857.934    88.167     0.000    88.167  1016.373
  400 -3   0  3874.215    88.318     0.000    88.318  1019.055
  401 -3   0  3890.496    88.467     0.000    88.467  1021.734
  402 -3   0  3906.777    88.614     0.000    88.614  1024.411
  403 -3   0  3923.058    88.760     0.000    88.760  1027.085
  404 -3   0  3939.339    88.904     0.000    88.904  1029.756
  405 -3   0  3955.620    89.047     0.000    89.047  1032.426
  406 -3   0  3971.901    89.188     0.000    89.188  1035.093
  407 -3   0  3988.182    89.327     0.000    89.327  1037.758
  408 -3   0  4004.463    89.465     0.000    89.465  1040.420
  409 -3   0  4020.744    89.601     0.000    89.601  1043.081
  410 -3   0  4037.025    89.736     0.000    89.736  1045.740
  411 -3   0  4053.306    89.870     0.000    89.870  1048.397
  412 -3   0  4069.587    90.002     0.000    90.002  1051.053
  413 -3   0  4085.868    90.132     0.000    90.132  1053.707
  414 -3   0  4102.149    90.262     0.000    90.262  1056.359
  415 -3   0  4118.430    90.390     0.000    90.390  1059.009
  416 -3   0  4134.711    90.516     0.000    90.516  1061.659
  417 -3   0  4150.992    90.641     0.000    90.641  1064.306
  418 -3   0  4167.273    90.765     0.000    90.765  1066.953
  419 -3   0  4183.554    90.888     0.000    90.888  1069.598
  420 -3   0  4199.834    91.010     0.000    91.010  1072.243
  421 -3   0  4216.116    91.130     0.000    91.130  1074.886
  422 -3   0  4232.396    91.249     0.000    91.249  1077.528
  423 -3   0  4248.678    91.366     0.000    91.366  1080.169
  424 -3   0  4264.958    91.483     0.000    91.483  1082.809
  425 -3   0  4281.240    91.598     0.000    91.598  1085.448
  426 -3   0  4297.521    91.713     0.000    91.713  1088.087
  427 -3   0  4313.802    91.826     0.000    91.826  1090.725
  428 -3   0  4330.083    91.938     0.000    91.938  1093.362
  429 -3   0  4346.364    92.049     0.000    92.049  1095.999
  430 -3   0  4362.645    92.159     0.000    92.159  1098.635
  431 -3   0  4378.926    92.267     0.000    92.267  1101.271
  432 -3   0  4395.207    92.375     0.000    92.375  1103.906
  433 -3   0  4411.488    92.482     0.000    92.482  1106.541
  434 -3   0  4427.769    92.587     0.000    92.587  1109.175
  435 -3   0  4444.050    92.692     0.000    92.692  1111.810
  436 -3   0  4460.331    92.796     0.000    92.796  1114.444
  437 -3   0  4476.611    92.898     0.000    92.898  1117.078
  438 -3   0  4492.893    93.000     0.000    93.000  1119.712
  439 -3   0  4509.173    93.101     0.000    93.101  1122.346
  440 -3   0  4525.455    93.200     0.000    93.200  1124.979
  441 -3   0  4541.735    93.299     0.000    93.299  1127.614
  442 -3   0  4558.017    93.397     0.000    93.397  1130.248
  443 -3   0  4574.297    93.494     0.000    93.494  1132.882
  444 -3   0  4590.579    93.590     0.000    93.590  1135.516
  445 -3   0  4606.859    93.685     0.000    93.685  1138.151
  446 -3   0  4623.141    93.780     0.000    93.780  1140.786
  447 -3   0  4639.421    93.873     0.000    93.873  1143.422
  448 -3   0  4655.703    93.966     0.000    93.966  1146.058
  449 -3   0  4671.983    94.058     0.000    94.058  1148.695
  450 -3   0  4688.265    94.148     0.000    94.148  1151.332
  451 -3   0  4704.545    94.239     0.000    94.239  1153.969
  452 -3   0  4720.827    94.328     0.000    94.328  1156.608
  453 -3   0  4737.107    94.416     0.000    94.416  1159.247
  454 -3   0  4753.389    94.504     0.000    94.504  1161.886
  455 -3   0  4769.669    94.591     0.000    94.591  1164.527
  456 -3   0  4785.950    94.677     0.000    94.677  1167.168
  457 -3   0  4802.231    94.762     0.000    94.762  1169.811
  458 -3   0  4818.512    94.847     0.000    94.847  1172.454
  459 -3   0  4834.793    94.931     0.000    94.931  1175.098
  460 -3   0  4851.074    95.014     0.000    95.014  1177.744
  461 -3   0  4867.355    95.096     0.000    95.096  1180.390
  462 -3   0  4883.636    95.178     0.000    95.178  1183.037
  463 -3   0  4899.917    95.259     0.000    95.259  1185.686
  464 -3   0  4916.198    95.339     0.000    95.339  1188.336
  465 -3   0  4932.479    95.419     0.000    95.419  1190.987
  466 -3   0  4948.760    95.498     0.000    95.498  1193.640
  467 -3   0  4965.042    95.576     0.000    95.576  1196.294
  468 -3   0  4981.322    95.653     0.000    95.653  1198.950
  469 -3   0  4997.604    95.730     0.000    95.730  1201.607
  470 -3   0  5013.884    95.806     0.000    95.806  1204.265
  471 -3   0  5030.166    95.882     0.000    95.882  1206.925
  472 -3   0  5046.446    95.957     0.000    95.957  1209.587
  473 -3   0  5062.727    96.031     0.000    96.031  1212.250
  474 -3   0  5079.008    96.104     0.000    96.104  1214.916
  475 -3   0  5095.289    96.177     0.000    96.177  1217.583
  476 -3   0  5111.570    96.250     0.000    96.250  1220.252
  477 -3   0  5127.851    96.321     0.000    96.321  1222.922
  478 -3   0  5144.132    96.392     0.000    96.392  1225.595
  479 -3   0  5160.413    96.463     0.000    96.463  1228.270
  480 -3   0  5176.694    96.533     0.000    96.533  1230.947
  481 -3   0  5192.975    96.602     0.000    96.602  1233.626
  482 -3   0  5209.256    96.671     0.000    96.671  1236.307
  483 -3   0  5225.537    96.739     0.000    96.739  1238.990
  484 -3   0  5241.818    96.807     0.000    96.807  1241.676
  485 -3   0  5258.099    96.874     0.000    96.874  1244.364
  486 -3   0  5274.380    96.940     0.000    96.940  1247.055
  487 -3   0  5290.661    97.006     0.000    97.006  1249.748
  488 -3   0  5306.942    97.071     0.000    97.071  1252.443
  489 -3   0  5323.223    97.136     0.000    97.136  1255.141
  490 -3   0  5339.504    97.201     0.000    97.201  1257.842
  491 -3   0  5355.785    97.264     0.000    97.264  1260.545
  492 -3   0  5372.066    97.328     0.000    97.328  1263.251
  493 -3   0  5388.347    97.390     0.000    97.390  1265.960
  494 -3   0  5404.628    97.452     0.000    97.452  1268.672
  495 -3   0  5420.909    97.514     0.000    97.514  1271.386
  496 -3   0  5437.190    97.575     0.000    97.575  1274.104
  497 -3   0  5453.471    97.636     0.000    97.636  1276.825
  498 -3   0  5469.752    97.696     0.000    97.696  1279.548
  499 -3   0  5486.033    97.756     0.000    97.756  1282.275
  500 -3   0  5502.314    97.815     0.000    97.815  1285.005
  501 -3   0  5518.595    97.873     0.000    97.873  1287.739
  502 -3   0  5534.876    97.932     0.000    97.932  1290.476
  503 -3   0  5551.157    97.989     0.000    97.989  1293.216
  504 -3   0  5567.438    98.047     0.000    98.047  1295.960
  505 -3   0  5583.719    98.103     0.000    98.103  1298.707
  506 -3   0  5600.000    98.160     0.000    98.160  1301.458
  507 -3   0  5600.000    98.160     0.000    98.160  1301.458
  508 -3   0  5611.222    98.198     0.000    98.198  1303.359
  509 -3   0  5622.444    98.236     0.000    98.236  1305.270
  510 -3   0  5633.667    98.274     0.000    98.274  1307.188
  511 -3   0  5644.889    98.311     0.000    98.311  1309.116
  512 -3   0  5656.111    98.348     0.000    98.348  1311.053
  513 -3   0  5667.333    98.385     0.000    98.385  1312.998
  514 -3   0  5678.556    98.421     0.000    98.421  1314.953
  515 -3   0  5689.778    98.457     0.000    98.457  1316.916
  516 -3   0  5701.000    98.492     0.000    98.492  1318.889
  517 -3   0  5701.000    98.492     0.000    98.492  1318.889
  518 -3   0  5711.000    98.521     0.000    98.521  1320.760
  519 -3   0  5721.000    98.550     0.000    98.550  1322.633
  520 -3   0  5731.000    98.579     0.000    98.579  1324.509
  521 -3   0  5741.000    98.608     0.000    98.608  1326.386
  522 -3   0  5751.000    98.636     0.000    98.636  1328.265
  523 -3   0  5761.000    98.665     0.000    98.665  1330.147
  524 -3   0  5771.000    98.693     0.000    98.693  1332.031
  525 -3   0  5771.000    98.693     0.000    98.693  1332.031
  526 -3   0  5782.765    98.726     0.000    98.726  1334.254
  527 -3   0  5794.529    98.759     0.000    98.759  1336.490
  528 -3   0  5806.294    98.791     0.000    98.791  1338.739
  529 -3   0  5818.059    98.823     0.000    98.823  1341.001
  530 -3   0  5829.824    98.855     0.000    98.855  1343.275
  531 -3   0  5841.588    98.886     0.000    98.886  1345.563
  532 -3   0  5853.353    98.917     0.000    98.917  1347.865
  533 -3   0  5865.118    98.948     0.000    98.948  1350.179
  534 -3   0  5876.882    98.978     0.000    98.978  1352.508
  535 -3   0  5888.647    99.008     0.000    99.008  1354.851
  536 -3   0  5900.412    99.037     0.000    99.037  1357.208
  537 -3   0  5912.176    99.067     0.000    99.067  1359.579
  538 -3   0  5923.941    99.096     0.000    99.096  1361.965
  539 -3   0  5935.706    99.124     0.000    99.124  1364.366
  540 -3   0  5947.471    99.152     0.000    99.152  1366.782
  541 -3   0  5959.235    99.180     0.000    99.180  1369.214
  542 -3   0  5971.000    99.208     0.000    99.208  1371.661
  543 -3   0  5971.000    99.208     0.000    99.208  1371.661
  544 -3   0  5981.588    99.232     0.000    99.232  1373.942
  545 -3   0  5992.176    99.255     0.000    99.255  1376.227
  546 -3   0  6002.765    99.279     0.000    99.279  1378.515
  547 -3   0  6013.353    99.302     0.000    99.302  1380.807
  548 -3   0  6023.941    99.326     0.000    99.326  1383.101
  549 -3   0  6034.529    99.349     0.000    99.349  1385.399
  550 -3   0  6045.118    99.372     0.000    99.372  1387.699
  551 -3   0  6055.706    99.395     0.000    99.395  1390.003
  552 -3   0  6066.294    99.418     0.000    99.418  1392.311
  553 -3   0  6076.882    99.440     0.000    99.440  1394.621
  554 -3   0  6087.471    99.463     0.000    99.463  1396.935
  555 -3   0  6098.059    99.485     0.000    99.485  1399.252
  556 -3   0  6108.647    99.508     0.000    99.508  1401.572
  557 -3   0  6119.235    99.530     0.000    99.530  1403.896
  558 -3   0  6129.824    99.552     0.000    99.552  1406.223
  559 -3   0  6140.412    99.574     0.000    99.574  1408.553
  560 -3   0  6151.000    99.596     0.000    99.596  1410.886
  561 -3   0  6151.000    99.596     0.000    99.596  1410.886
  562 -3   0  6161.769    99.614     0.000    99.614  1413.358
  563 -3   0  6172.539    99.633     0.000    99.633  1415.832
  564 -3   0  6183.308    99.652     0.000    99.652  1418.308
  565 -3   0  6194.077    99.671     0.000    99.671  1420.786
  566 -3   0  6204.846    99.690     0.000    99.690  1423.266
  567 -3   0  6215.615    99.709     0.000    99.709  1425.748
  568 -3   0  6226.385    99.729     0.000    99.729  1428.231
  569 -3   0  6237.154    99.749     0.000    99.749  1430.717
  570 -3   0  6247.923    99.769     0.000    99.769  1433.204
  571 -3   0  6258.692    99.790     0.000    99.790  1435.693
  572 -3   0  6269.461    99.810     0.000    99.810  1438.185
  573 -3   0  6280.231    99.831     0.000    99.831  1440.678
  574 -3   0  6291.000    99.852     0.000    99.852  1443.173
  575 -3   0  6291.000    99.852     0.000    99.852  1443.173
  576 -3   0  6298.947    99.868     0.000    99.868  1445.016
  577 -3   0  6306.894    99.884     0.000    99.884  1446.859
  578 -3   0  6314.841    99.900     0.000    99.900  1448.704
  579 -3   0  6322.788    99.916     0.000    99.916  1450.550
  580 -3   0  6330.735    99.932     0.000    99.932  1452.396
  581 -3   0  6338.682    99.949     0.000    99.949  1454.244
  582 -3   0  6346.629    99.965     0.000    99.965  1456.093
  583 -3   0  6346.629    99.965     0.000    99.965  1456.093
  584 -3   0  6348.503    99.968     0.000    99.968  1456.581
  585 -3   0  6350.377    99.971     0.000    99.971  1457.069
  586 -3   0  6352.251    99.974     0.000    99.974  1457.558
  587 -3   0  6354.126    99.977     0.000    99.977  1458.046
  588 -3   0  6356.000    99.980     0.000    99.980  1458.534
  589 -3   0  6356.000    99.980     0.000    99.980  1458.534
  590 -3   0  6358.143    99.983     0.000    99.983  1459.211
  591 -3   0  6360.286    99.986     0.000    99.986  1459.887
  592 -3   0  6362.429    99.989     0.000    99.989  1460.564
  593 -3   0  6364.571    99.992     0.000    99.992  1461.241
  594 -3   0  6366.714    99.994     0.000    99.994  1461.917
  595 -3   0  6368.857    99.997     0.000    99.997  1462.594
  596 -3   0  6371.000   100.000     0.000   100.000  1463.271
#END#
